Filename,Time PTR,Easting PTR,Northing PTR,Time,Easting,Northing,Kp,Dcc,Gyro,Alt,Depth,GeographicalEast,GeographicalNorth,NavQ,Tide,PipeZ,PipeX,Time_diff,TSS,Coil
J052N065.ptr,2025-02-21 06:29:14.482,330254.39,6042110.65,2025-02-21 06:29:14.425,330253.95,6042110.47,19.74663,-9209.57,339.46,0.0,-39.09,12.37872716,54.49815083,0.0,0.0,-0.02,0.15,0.057,3,1
J052N065.ptr,2025-02-21 06:29:14.482,330254.39,6042110.65,2025-02-21 06:29:14.425,330254.39,6042110.64,19.74663,-9209.19,339.46,0.04,-39.09,12.37873385,54.49815245,0.0,0.0,0.02,-0.24,0.057,0,2
J052N065.ptr,2025-02-21 06:29:14.482,330254.39,6042110.65,2025-02-21 06:29:14.425,330254.83,6042110.81,19.74663,-9208.79,339.46,0.01,-39.09,12.37874062,54.4981541,0.0,0.0,-0.01,-0.63,0.057,0,3
J052N065.ptr,2025-02-21 06:29:15.529,330254.42,6042110.9,2025-02-21 06:29:15.570,330253.98,6042110.74,19.74663,-9209.34,338.67,0.05,-39.02,12.37872758,54.49815321,0.0,0.0,-0.03,-0.09,-0.041,2,1
J052N065.ptr,2025-02-21 06:29:15.529,330254.42,6042110.9,2025-02-21 06:29:15.570,330254.42,6042110.91,19.74663,-9208.95,338.67,0.09,-39.02,12.37873424,54.49815489,0.0,0.0,0.0,-0.48,-0.041,1,2
J052N065.ptr,2025-02-21 06:29:15.529,330254.42,6042110.9,2025-02-21 06:29:15.570,330254.86,6042111.08,19.74663,-9208.55,338.67,0.06,-39.02,12.37874096,54.49815659,0.0,0.0,-0.02,-0.87,-0.041,-2,3
J052N065.ptr,2025-02-21 06:29:16.577,330254.42,6042111.1,2025-02-21 06:29:16.512,330253.98,6042110.91,19.74663,-9209.19,338.22,-0.01,-39.09,12.37872749,54.49815479,0.0,0.0,-0.03,-0.23,0.065,0,1
J052N065.ptr,2025-02-21 06:29:16.577,330254.42,6042111.1,2025-02-21 06:29:16.512,330254.42,6042111.09,19.74663,-9208.8,338.22,0.03,-39.09,12.37873412,54.4981565,0.0,0.0,0.01,-0.62,0.065,2,2
J052N065.ptr,2025-02-21 06:29:16.577,330254.42,6042111.1,2025-02-21 06:29:16.512,330254.86,6042111.27,19.74663,-9208.4,338.22,0.0,-39.09,12.37874083,54.49815823,0.0,0.0,-0.02,-1.02,0.065,-1,3
J052N065.ptr,2025-02-21 06:29:17.519,330254.42,6042111.24,2025-02-21 06:29:17.557,330253.98,6042111.07,19.74663,-9209.07,337.71,0.07,-39.04,12.37872738,54.49815616,0.0,0.0,0.01,-0.36,-0.038,-1,1
J052N065.ptr,2025-02-21 06:29:17.519,330254.42,6042111.24,2025-02-21 06:29:17.557,330254.42,6042111.25,19.74663,-9208.67,337.71,0.11,-39.04,12.37873398,54.4981579,0.0,0.0,0.04,-0.75,-0.038,2,2
J052N065.ptr,2025-02-21 06:29:17.519,330254.42,6042111.24,2025-02-21 06:29:17.557,330254.86,6042111.43,19.74663,-9208.27,337.71,0.08,-39.04,12.37874066,54.49815967,0.0,0.0,0.01,-1.15,-0.038,3,3
J052N065.ptr,2025-02-21 06:29:18.566,330254.42,6042111.39,2025-02-21 06:29:18.576,330253.98,6042111.21,19.74663,-9208.95,337.3,0.03,-39.1,12.37872732,54.49815744,0.0,0.0,0.02,-0.47,-0.01,-1,1
J052N065.ptr,2025-02-21 06:29:18.566,330254.42,6042111.39,2025-02-21 06:29:18.576,330254.42,6042111.39,19.74663,-9208.55,337.3,0.07,-39.1,12.3787339,54.49815921,0.0,0.0,0.06,-0.87,-0.01,-1,2
J052N065.ptr,2025-02-21 06:29:18.566,330254.42,6042111.39,2025-02-21 06:29:18.576,330254.85,6042111.57,19.74663,-9208.15,337.3,0.04,-39.1,12.37874055,54.498161,0.0,0.0,0.03,-1.27,-0.01,-1,3
J052N065.ptr,2025-02-21 06:29:19.509,330254.39,6042111.5,2025-02-21 06:29:19.467,330253.96,6042111.32,19.74663,-9208.87,337.13,0.07,-39.05,12.37872694,54.49815841,0.0,0.0,0.02,-0.55,0.042,-1,1
J052N065.ptr,2025-02-21 06:29:19.509,330254.39,6042111.5,2025-02-21 06:29:19.467,330254.4,6042111.5,19.74663,-9208.48,337.13,0.11,-39.05,12.37873351,54.49816019,0.0,0.0,0.05,-0.95,0.042,-1,2
J052N065.ptr,2025-02-21 06:29:19.509,330254.39,6042111.5,2025-02-21 06:29:19.467,330254.83,6042111.69,19.74663,-9208.07,337.13,0.08,-39.05,12.37874016,54.49816199,0.0,0.0,0.02,-1.35,0.042,3,3
J052N065.ptr,2025-02-21 06:29:20.556,330254.29,6042111.63,2025-02-21 06:29:20.574,330253.85,6042111.45,19.74663,-9208.83,337.57,-0.04,-39.16,12.37872513,54.49815954,0.0,0.0,0.01,-0.59,-0.018,0,1
J052N065.ptr,2025-02-21 06:29:20.556,330254.29,6042111.63,2025-02-21 06:29:20.574,330254.28,6042111.63,19.74663,-9208.44,337.57,0.0,-39.16,12.37873171,54.49816129,0.0,0.0,0.06,-0.99,-0.018,-1,2
J052N065.ptr,2025-02-21 06:29:20.556,330254.29,6042111.63,2025-02-21 06:29:20.574,330254.72,6042111.81,19.74663,-9208.03,337.57,-0.02,-39.16,12.37873839,54.49816307,0.0,0.0,0.03,-1.39,-0.018,-1,3
J052N065.ptr,2025-02-21 06:29:21.499,330254.14,6042111.76,2025-02-21 06:29:21.572,330253.69,6042111.59,19.74663,-9208.8,338.76,0.05,-39.04,12.3787226,54.4981608,0.0,0.0,-0.02,-0.62,-0.073,-1,1
J052N065.ptr,2025-02-21 06:29:21.499,330254.14,6042111.76,2025-02-21 06:29:21.572,330254.13,6042111.76,19.74663,-9208.41,338.76,0.1,-39.04,12.37872923,54.49816246,0.0,0.0,0.04,-1.01,-0.073,3,2
J052N065.ptr,2025-02-21 06:29:21.499,330254.14,6042111.76,2025-02-21 06:29:21.572,330254.57,6042111.94,19.74663,-9208.02,338.76,0.09,-39.04,12.37873598,54.49816416,0.0,0.0,0.02,-1.41,-0.073,-1,3
J052N065.ptr,2025-02-21 06:29:22.546,330253.96,6042111.93,2025-02-21 06:29:22.510,330253.53,6042111.76,19.74663,-9208.76,339.21,0.04,-39.01,12.37871997,54.49816224,0.0,0.0,-0.06,-0.66,0.036,0,1
J052N065.ptr,2025-02-21 06:29:22.546,330253.96,6042111.93,2025-02-21 06:29:22.510,330253.97,6042111.93,19.74663,-9208.37,339.21,0.08,-39.01,12.37872664,54.49816387,0.0,0.0,-0.02,-1.05,0.036,3,2
J052N065.ptr,2025-02-21 06:29:22.546,330253.96,6042111.93,2025-02-21 06:29:22.510,330254.41,6042112.1,19.74663,-9207.98,339.21,0.06,-39.01,12.37873341,54.49816554,0.0,0.0,-0.04,-1.44,0.036,-1,3
J052N065.ptr,2025-02-21 06:29:23.488,330253.79,6042112.12,2025-02-21 06:29:23.433,330253.36,6042111.94,19.74663,-9208.71,339.48,0.03,-39.0,12.37871726,54.49816383,0.0,0.0,-0.07,-0.72,0.055,-1,1
J052N065.ptr,2025-02-21 06:29:23.488,330253.79,6042112.12,2025-02-21 06:29:23.433,330253.8,6042112.11,19.74663,-9208.32,339.48,0.08,-39.0,12.37872394,54.49816544,0.0,0.0,-0.02,-1.1,0.055,3,2
J052N065.ptr,2025-02-21 06:29:23.488,330253.79,6042112.12,2025-02-21 06:29:23.433,330254.24,6042112.28,19.74663,-9207.93,339.48,0.07,-39.0,12.37873071,54.49816709,0.0,0.0,-0.04,-1.49,0.055,0,3
J052N065.ptr,2025-02-21 06:29:24.535,330253.62,6042112.29,2025-02-21 06:29:24.517,330253.18,6042112.12,19.74663,-9208.66,339.6,0.06,-39.02,12.37871436,54.49816538,0.0,0.0,-0.03,-0.76,0.018,-2,1
J052N065.ptr,2025-02-21 06:29:24.535,330253.62,6042112.29,2025-02-21 06:29:24.517,330253.62,6042112.29,19.74663,-9208.28,339.6,0.1,-39.02,12.37872105,54.49816699,0.0,0.0,0.02,-1.15,0.018,1,2
J052N065.ptr,2025-02-21 06:29:24.535,330253.62,6042112.29,2025-02-21 06:29:24.517,330254.06,6042112.45,19.74663,-9207.89,339.6,0.08,-39.02,12.37872783,54.49816863,0.0,0.0,-0.0,-1.54,0.018,1,3
J052N065.ptr,2025-02-21 06:29:25.583,330253.46,6042112.52,2025-02-21 06:29:25.574,330253.02,6042112.36,19.74663,-9208.56,340.03,-0.01,-39.11,12.37871175,54.49816742,0.0,0.0,-0.0,-0.86,0.009,1,1
J052N065.ptr,2025-02-21 06:29:25.583,330253.46,6042112.52,2025-02-21 06:29:25.574,330253.46,6042112.52,19.74663,-9208.18,340.03,0.03,-39.11,12.37871847,54.49816901,0.0,0.0,0.03,-1.24,0.009,0,2
J052N065.ptr,2025-02-21 06:29:25.583,330253.46,6042112.52,2025-02-21 06:29:25.574,330253.9,6042112.68,19.74663,-9207.79,340.03,-0.0,-39.11,12.37872527,54.49817062,0.0,0.0,0.0,-1.63,0.009,-1,3
J052N065.ptr,2025-02-21 06:29:26.525,330253.39,6042112.75,2025-02-21 06:29:26.572,330252.94,6042112.59,19.74663,-9208.41,339.87,0.01,-39.08,12.37871048,54.4981695,0.0,0.0,-0.01,-1.01,-0.047,-1,1
J052N065.ptr,2025-02-21 06:29:26.525,330253.39,6042112.75,2025-02-21 06:29:26.572,330253.38,6042112.75,19.74663,-9208.03,339.87,0.05,-39.08,12.37871718,54.49817109,0.0,0.0,0.03,-1.39,-0.047,0,2
J052N065.ptr,2025-02-21 06:29:26.525,330253.39,6042112.75,2025-02-21 06:29:26.572,330253.83,6042112.92,19.74663,-9207.64,339.87,0.03,-39.08,12.37872397,54.49817271,0.0,0.0,0.0,-1.78,-0.047,-1,3
J052N065.ptr,2025-02-21 06:29:27.572,330253.34,6042113.03,2025-02-21 06:29:27.569,330252.9,6042112.86,19.74663,-9208.22,339.66,0.04,-39.05,12.37870968,54.49817192,0.0,0.0,-0.02,-1.21,0.003,3,1
J052N065.ptr,2025-02-21 06:29:27.572,330253.34,6042113.03,2025-02-21 06:29:27.569,330253.34,6042113.03,19.74663,-9207.83,339.66,0.08,-39.05,12.37871638,54.49817353,0.0,0.0,0.02,-1.59,0.003,1,2
J052N065.ptr,2025-02-21 06:29:27.572,330253.34,6042113.03,2025-02-21 06:29:27.569,330253.79,6042113.19,19.74663,-9207.44,339.66,0.05,-39.05,12.37872316,54.49817517,0.0,0.0,-0.01,-1.98,0.003,-1,3
J052N065.ptr,2025-02-21 06:29:28.515,330253.3,6042113.23,2025-02-21 06:29:28.510,330252.85,6042113.07,19.74663,-9208.07,340.12,0.02,-39.02,12.37870885,54.49817375,0.0,0.0,-0.07,-1.35,0.005,0,1
J052N065.ptr,2025-02-21 06:29:28.515,330253.3,6042113.23,2025-02-21 06:29:28.510,330253.3,6042113.23,19.74663,-9207.69,340.12,0.07,-39.02,12.37871556,54.49817532,0.0,0.0,-0.02,-1.73,0.005,0,2
J052N065.ptr,2025-02-21 06:29:28.515,330253.3,6042113.23,2025-02-21 06:29:28.510,330253.74,6042113.39,19.74663,-9207.3,340.12,0.05,-39.02,12.37872237,54.49817693,0.0,0.0,-0.04,-2.12,0.005,-1,3
J052N065.ptr,2025-02-21 06:29:29.562,330253.33,6042113.62,2025-02-21 06:29:29.577,330252.89,6042113.46,19.74663,-9207.73,339.78,0.04,-39.0,12.37870921,54.49817727,0.0,0.0,-0.06,-1.69,-0.015,-1,1
J052N065.ptr,2025-02-21 06:29:29.562,330253.33,6042113.62,2025-02-21 06:29:29.577,330253.33,6042113.62,19.74663,-9207.35,339.78,0.09,-39.0,12.3787159,54.49817887,0.0,0.0,-0.02,-2.07,-0.015,0,2
J052N065.ptr,2025-02-21 06:29:29.562,330253.33,6042113.62,2025-02-21 06:29:29.577,330253.78,6042113.79,19.74663,-9206.96,339.78,0.07,-39.0,12.37872269,54.49818049,0.0,0.0,-0.04,-2.47,-0.015,2,3
J052N065.ptr,2025-02-21 06:29:30.505,330253.26,6042113.89,2025-02-21 06:29:30.517,330252.82,6042113.73,19.74663,-9207.55,339.63,0.03,-38.99,12.37870787,54.49817969,0.0,0.0,-0.09,-1.87,-0.012,-3,1
J052N065.ptr,2025-02-21 06:29:30.505,330253.26,6042113.89,2025-02-21 06:29:30.517,330253.26,6042113.89,19.74663,-9207.17,339.63,0.07,-38.99,12.37871456,54.4981813,0.0,0.0,-0.04,-2.25,-0.012,0,2
J052N065.ptr,2025-02-21 06:29:30.505,330253.26,6042113.89,2025-02-21 06:29:30.517,330253.7,6042114.06,19.74663,-9206.78,339.63,0.05,-38.99,12.37872134,54.49818294,0.0,0.0,-0.07,-2.65,-0.012,0,3
J052N065.ptr,2025-02-21 06:29:31.552,330253.19,6042114.2,2025-02-21 06:29:31.573,330252.75,6042114.04,19.74663,-9207.34,339.76,0.0,-39.0,12.37870665,54.49818244,0.0,0.0,-0.11,-2.08,-0.021,0,1
J052N065.ptr,2025-02-21 06:29:31.552,330253.19,6042114.2,2025-02-21 06:29:31.573,330253.19,6042114.2,19.74663,-9206.95,339.76,0.05,-39.0,12.37871335,54.49818404,0.0,0.0,-0.06,-2.47,-0.021,1,2
J052N065.ptr,2025-02-21 06:29:31.552,330253.19,6042114.2,2025-02-21 06:29:31.573,330253.63,6042114.37,19.74663,-9206.56,339.76,0.03,-39.0,12.37872014,54.49818567,0.0,0.0,-0.08,-2.86,-0.021,-1,3
J052N065.ptr,2025-02-21 06:29:32.494,330253.15,6042114.44,2025-02-21 06:29:32.468,330252.71,6042114.28,19.74663,-9207.17,339.73,0.01,-39.03,12.37870591,54.49818453,0.0,0.0,-0.06,-2.25,0.026,0,1
J052N065.ptr,2025-02-21 06:29:32.494,330253.15,6042114.44,2025-02-21 06:29:32.468,330253.15,6042114.44,19.74663,-9206.79,339.73,0.06,-39.03,12.3787126,54.49818613,0.0,0.0,-0.02,-2.64,0.026,-1,2
J052N065.ptr,2025-02-21 06:29:32.494,330253.15,6042114.44,2025-02-21 06:29:32.468,330253.6,6042114.6,19.74663,-9206.39,339.73,0.05,-39.03,12.37871939,54.49818776,0.0,0.0,-0.03,-3.03,0.026,0,3
J052N065.ptr,2025-02-21 06:29:33.541,330253.13,6042114.7,2025-02-21 06:29:33.512,330252.69,6042114.52,19.74663,-9206.98,338.96,0.05,-39.06,12.3787055,54.49818676,0.0,0.0,0.0,-2.45,0.029,-2,1
J052N065.ptr,2025-02-21 06:29:33.541,330253.13,6042114.7,2025-02-21 06:29:33.512,330253.13,6042114.69,19.74663,-9206.59,338.96,0.09,-39.06,12.37871217,54.49818842,0.0,0.0,0.04,-2.84,0.029,-1,2
J052N065.ptr,2025-02-21 06:29:33.541,330253.13,6042114.7,2025-02-21 06:29:33.512,330253.57,6042114.86,19.74663,-9206.19,338.96,0.06,-39.06,12.37871891,54.4981901,0.0,0.0,0.01,-3.23,0.029,-2,3
J052N065.ptr,2025-02-21 06:29:34.484,330253.08,6042114.96,2025-02-21 06:29:34.420,330252.64,6042114.78,19.74663,-9206.8,338.86,0.02,-39.04,12.37870456,54.498189,0.0,0.0,-0.05,-2.62,0.064,-1,1
J052N065.ptr,2025-02-21 06:29:34.484,330253.08,6042114.96,2025-02-21 06:29:34.420,330253.08,6042114.94,19.74663,-9206.41,338.86,0.06,-39.04,12.37871122,54.49819066,0.0,0.0,-0.0,-3.01,0.064,0,2
J052N065.ptr,2025-02-21 06:29:34.484,330253.08,6042114.96,2025-02-21 06:29:34.420,330253.52,6042115.12,19.74663,-9206.01,338.86,0.04,-39.04,12.37871796,54.49819235,0.0,0.0,-0.02,-3.41,0.064,1,3
J052N065.ptr,2025-02-21 06:29:35.531,330252.99,6042115.18,2025-02-21 06:29:35.629,330252.55,6042115.02,19.74663,-9206.65,338.95,-0.03,-39.0,12.37870302,54.49819115,0.0,0.0,-0.14,-2.77,-0.098,-1,1
J052N065.ptr,2025-02-21 06:29:35.531,330252.99,6042115.18,2025-02-21 06:29:35.629,330252.99,6042115.18,19.74663,-9206.27,338.95,0.03,-39.0,12.37870966,54.49819279,0.0,0.0,-0.08,-3.16,-0.098,-3,2
J052N065.ptr,2025-02-21 06:29:35.531,330252.99,6042115.18,2025-02-21 06:29:35.629,330253.43,6042115.36,19.74663,-9205.87,338.95,0.02,-39.0,12.37871642,54.49819448,0.0,0.0,-0.09,-3.55,-0.098,1,3
J052N065.ptr,2025-02-21 06:29:36.578,330252.86,6042115.44,2025-02-21 06:29:36.577,330252.42,6042115.27,19.74663,-9206.51,339.07,-0.02,-39.0,12.37870093,54.49819341,0.0,0.0,-0.12,-2.91,0.001,-2,1
J052N065.ptr,2025-02-21 06:29:36.578,330252.86,6042115.44,2025-02-21 06:29:36.577,330252.86,6042115.44,19.74663,-9206.13,339.07,0.03,-39.0,12.3787076,54.49819505,0.0,0.0,-0.08,-3.3,0.001,0,2
J052N065.ptr,2025-02-21 06:29:36.578,330252.86,6042115.44,2025-02-21 06:29:36.577,330253.31,6042115.61,19.74663,-9205.73,339.07,0.01,-39.0,12.37871435,54.49819673,0.0,0.0,-0.09,-3.69,0.001,1,3
J052N065.ptr,2025-02-21 06:29:37.521,330252.77,6042115.64,2025-02-21 06:29:37.549,330252.32,6042115.48,19.74663,-9206.4,339.19,0.01,-39.01,12.37869928,54.49819523,0.0,0.0,-0.09,-3.02,-0.028,1,1
J052N065.ptr,2025-02-21 06:29:37.521,330252.77,6042115.64,2025-02-21 06:29:37.549,330252.76,6042115.65,19.74663,-9206.01,339.19,0.05,-39.01,12.37870596,54.49819687,0.0,0.0,-0.05,-3.41,-0.028,2,2
J052N065.ptr,2025-02-21 06:29:37.521,330252.77,6042115.64,2025-02-21 06:29:37.549,330253.21,6042115.82,19.74663,-9205.62,339.19,0.02,-39.01,12.37871271,54.49819854,0.0,0.0,-0.08,-3.8,-0.028,-2,3
J052N065.ptr,2025-02-21 06:29:38.568,330252.67,6042115.91,2025-02-21 06:29:38.634,330252.23,6042115.75,19.74663,-9206.24,338.89,0.07,-39.06,12.37869771,54.4981976,0.0,0.0,0.03,-3.19,-0.066,2,1
J052N065.ptr,2025-02-21 06:29:38.568,330252.67,6042115.91,2025-02-21 06:29:38.634,330252.67,6042115.92,19.74663,-9205.85,338.89,0.11,-39.06,12.37870437,54.49819927,0.0,0.0,0.06,-3.58,-0.066,2,2
J052N065.ptr,2025-02-21 06:29:38.568,330252.67,6042115.91,2025-02-21 06:29:38.634,330253.11,6042116.09,19.74663,-9205.45,338.89,0.08,-39.06,12.37871111,54.49820095,0.0,0.0,0.03,-3.97,-0.066,1,3
J052N065.ptr,2025-02-21 06:29:39.510,330252.6,6042116.14,2025-02-21 06:29:39.552,330252.16,6042115.97,19.74663,-9206.09,338.86,0.07,-39.07,12.37869651,54.4981996,0.0,0.0,0.04,-3.33,-0.042,1,1
J052N065.ptr,2025-02-21 06:29:39.510,330252.6,6042116.14,2025-02-21 06:29:39.552,330252.6,6042116.14,19.74663,-9205.7,338.86,0.11,-39.07,12.37870317,54.49820127,0.0,0.0,0.08,-3.72,-0.042,2,2
J052N065.ptr,2025-02-21 06:29:39.510,330252.6,6042116.14,2025-02-21 06:29:39.552,330253.04,6042116.31,19.74663,-9205.31,338.86,0.09,-39.07,12.37870991,54.49820296,0.0,0.0,0.06,-4.12,-0.042,2,3
J052N065.ptr,2025-02-21 06:29:40.558,330252.48,6042116.47,2025-02-21 06:29:40.553,330252.04,6042116.3,19.74686,-9205.89,338.76,0.04,-39.07,12.37869445,54.4982025,0.0,0.0,0.08,0.53,0.005,-1,1
J052N065.ptr,2025-02-21 06:29:40.558,330252.48,6042116.47,2025-02-21 06:29:40.553,330252.48,6042116.47,19.74663,-9205.5,338.76,0.09,-39.07,12.3787011,54.49820416,0.0,0.0,0.05,-3.92,0.005,3,2
J052N065.ptr,2025-02-21 06:29:40.558,330252.48,6042116.47,2025-02-21 06:29:40.553,330252.92,6042116.64,19.74663,-9205.11,338.76,0.08,-39.07,12.37870784,54.49820586,0.0,0.0,0.04,-4.31,0.005,-1,3
J052N065.ptr,2025-02-21 06:29:41.500,330252.35,6042116.7,2025-02-21 06:29:41.544,330251.9,6042116.53,19.7471,-9205.78,338.84,0.01,-39.04,12.37869219,54.49820451,0.0,0.0,0.0,0.0,-0.044,-2,1
J052N065.ptr,2025-02-21 06:29:41.500,330252.35,6042116.7,2025-02-21 06:29:41.544,330252.34,6042116.7,19.74684,-9205.4,338.84,0.05,-39.04,12.37869885,54.49820617,0.0,0.0,0.06,0.02,-0.044,-1,2
J052N065.ptr,2025-02-21 06:29:41.500,330252.35,6042116.7,2025-02-21 06:29:41.544,330252.79,6042116.87,19.74663,-9205.0,338.84,0.03,-39.04,12.37870559,54.49820786,0.0,0.0,-0.04,-4.42,-0.044,0,3
J052N065.ptr,2025-02-21 06:29:42.547,330252.3,6042116.82,2025-02-21 06:29:42.546,330251.86,6042116.65,19.7472,-9205.71,338.5,-0.07,-39.14,12.37869152,54.49820554,0.0,0.0,0.0,0.0,0.001,-2,1
J052N065.ptr,2025-02-21 06:29:42.547,330252.3,6042116.82,2025-02-21 06:29:42.546,330252.3,6042116.82,19.74694,-9205.32,338.5,-0.03,-39.14,12.37869817,54.49820723,0.0,0.0,0.0,0.0,0.001,0,2
J052N065.ptr,2025-02-21 06:29:42.547,330252.3,6042116.82,2025-02-21 06:29:42.546,330252.74,6042116.99,19.74668,-9204.92,338.5,-0.06,-39.14,12.37870489,54.49820894,0.0,0.0,-0.0,-0.56,0.001,2,3
J052N065.ptr,2025-02-21 06:29:43.490,330252.31,6042116.84,2025-02-21 06:29:43.537,330251.87,6042116.67,19.7472,-9205.69,338.47,0.04,-39.04,12.37869165,54.49820571,0.0,0.0,0.0,0.0,-0.047,2,1
J052N065.ptr,2025-02-21 06:29:43.490,330252.31,6042116.84,2025-02-21 06:29:43.537,330252.31,6042116.84,19.74695,-9205.3,338.47,0.07,-39.04,12.3786983,54.4982074,0.0,0.0,0.06,0.0,-0.047,-2,2
J052N065.ptr,2025-02-21 06:29:43.490,330252.31,6042116.84,2025-02-21 06:29:43.537,330252.75,6042117.01,19.74668,-9204.9,338.47,0.04,-39.04,12.37870501,54.49820912,0.0,0.0,0.0,-0.58,-0.047,-1,3
J052N065.ptr,2025-02-21 06:29:44.537,330252.22,6042116.78,2025-02-21 06:29:44.476,330251.78,6042116.61,19.74725,-9205.79,338.9,0.03,-39.03,12.37869026,54.49820515,0.0,0.0,0.0,0.0,0.061,2,1
J052N065.ptr,2025-02-21 06:29:44.537,330252.22,6042116.78,2025-02-21 06:29:44.476,330252.22,6042116.77,19.74698,-9205.4,338.9,0.07,-39.03,12.37869692,54.49820681,0.0,0.0,0.07,0.01,0.061,0,2
J052N065.ptr,2025-02-21 06:29:44.537,330252.22,6042116.78,2025-02-21 06:29:44.476,330252.66,6042116.95,19.74672,-9205.01,338.9,0.04,-39.03,12.37870366,54.4982085,0.0,0.0,-0.0,-0.46,0.061,2,3
J052N065.ptr,2025-02-21 06:29:45.585,330252.26,6042116.82,2025-02-21 06:29:45.535,330251.82,6042116.65,19.74724,-9205.73,339.86,0.08,-38.93,12.37869078,54.49820558,0.0,0.0,0.0,0.0,0.05,-1,1
J052N065.ptr,2025-02-21 06:29:45.585,330252.26,6042116.82,2025-02-21 06:29:45.535,330252.26,6042116.81,19.74698,-9205.35,339.86,0.12,-38.93,12.3786975,54.49820717,0.0,0.0,0.06,-0.0,0.05,-2,2
J052N065.ptr,2025-02-21 06:29:45.585,330252.26,6042116.82,2025-02-21 06:29:45.535,330252.7,6042116.98,19.7467,-9204.96,339.86,0.08,-38.93,12.37870428,54.4982088,0.0,0.0,-0.06,-0.51,0.05,0,3
J052N066.ptr,2025-02-21 06:30:11.555,330254.12,6042116.89,2025-02-21 06:30:11.499,330253.68,6042116.73,19.74663,-9204.6,340.55,0.05,-39.04,12.37871947,54.49820692,0.0,0.0,0.0,0.42,0.056,-4,1
J052N066.ptr,2025-02-21 06:30:11.555,330254.12,6042116.89,2025-02-21 06:30:11.499,330254.12,6042116.89,19.74663,-9204.22,340.55,0.09,-39.04,12.37872621,54.49820846,0.0,0.0,0.04,0.04,0.056,0,2
J052N066.ptr,2025-02-21 06:30:11.555,330254.12,6042116.89,2025-02-21 06:30:11.499,330254.57,6042117.05,19.74663,-9203.83,340.55,0.07,-39.04,12.37873303,54.49821004,0.0,0.0,0.02,-0.35,0.056,0,3
J052N066.ptr,2025-02-21 06:30:12.498,330254.13,6042116.85,2025-02-21 06:30:12.567,330253.69,6042116.7,19.74663,-9204.62,340.46,0.04,-39.07,12.37871961,54.49820662,0.0,0.0,0.02,0.44,-0.069,-3,1
J052N066.ptr,2025-02-21 06:30:12.498,330254.13,6042116.85,2025-02-21 06:30:12.567,330254.13,6042116.86,19.74663,-9204.24,340.46,0.07,-39.07,12.37872636,54.49820818,0.0,0.0,0.05,0.06,-0.069,0,2
J052N066.ptr,2025-02-21 06:30:12.498,330254.13,6042116.85,2025-02-21 06:30:12.567,330254.58,6042117.02,19.74663,-9203.85,340.46,0.04,-39.07,12.37873317,54.49820976,0.0,0.0,0.02,-0.33,-0.069,1,3
J052N066.ptr,2025-02-21 06:30:13.545,330254.16,6042116.89,2025-02-21 06:30:13.617,330253.72,6042116.73,19.74663,-9204.58,340.28,0.05,-39.07,12.37872013,54.49820689,0.0,0.0,0.03,0.4,-0.072,0,1
J052N066.ptr,2025-02-21 06:30:13.545,330254.16,6042116.89,2025-02-21 06:30:13.617,330254.16,6042116.89,19.74663,-9204.2,340.28,0.1,-39.07,12.37872685,54.49820845,0.0,0.0,0.08,0.01,-0.072,0,2
J052N066.ptr,2025-02-21 06:30:13.545,330254.16,6042116.89,2025-02-21 06:30:13.617,330254.61,6042117.05,19.74663,-9203.81,340.28,0.09,-39.07,12.37873366,54.49821005,0.0,0.0,0.06,-0.37,-0.072,-1,3
J052N066.ptr,2025-02-21 06:30:14.487,330254.2,6042116.89,2025-02-21 06:30:14.636,330253.77,6042116.73,19.74663,-9204.55,339.34,0.17,-38.99,12.37872083,54.49820691,0.0,0.0,0.06,0.37,-0.149,0,1
J052N066.ptr,2025-02-21 06:30:14.487,330254.2,6042116.89,2025-02-21 06:30:14.636,330254.21,6042116.89,19.74663,-9204.17,339.34,0.22,-38.99,12.37872749,54.49820854,0.0,0.0,0.12,-0.02,-0.149,-1,2
J052N066.ptr,2025-02-21 06:30:14.487,330254.2,6042116.89,2025-02-21 06:30:14.636,330254.65,6042117.06,19.74663,-9203.77,339.34,0.21,-38.99,12.37873426,54.49821019,0.0,0.0,0.11,-0.41,-0.149,0,3
J052N066.ptr,2025-02-21 06:30:15.534,330254.23,6042116.86,2025-02-21 06:30:15.473,330253.79,6042116.69,19.74663,-9204.57,338.71,0.08,-39.08,12.3787212,54.49820654,0.0,0.0,0.07,0.39,0.061,-4,1
J052N066.ptr,2025-02-21 06:30:15.534,330254.23,6042116.86,2025-02-21 06:30:15.473,330254.23,6042116.86,19.74663,-9204.18,338.71,0.13,-39.08,12.37872784,54.49820822,0.0,0.0,0.11,0.0,0.061,0,2
J052N066.ptr,2025-02-21 06:30:15.534,330254.23,6042116.86,2025-02-21 06:30:15.473,330254.67,6042117.03,19.74663,-9203.79,338.71,0.1,-39.08,12.37873458,54.49820992,0.0,0.0,0.09,-0.39,0.061,-1,3
J052N066.ptr,2025-02-21 06:30:16.582,330254.23,6042116.81,2025-02-21 06:30:16.642,330253.8,6042116.63,19.74663,-9204.61,338.53,0.16,-38.92,12.37872135,54.49820608,0.0,0.0,-0.01,0.43,-0.06,0,1
J052N066.ptr,2025-02-21 06:30:16.582,330254.23,6042116.81,2025-02-21 06:30:16.642,330254.24,6042116.81,19.74663,-9204.22,338.53,0.19,-38.92,12.37872799,54.49820777,0.0,0.0,0.02,0.04,-0.06,0,2
J052N066.ptr,2025-02-21 06:30:16.582,330254.23,6042116.81,2025-02-21 06:30:16.642,330254.68,6042116.98,19.74663,-9203.82,338.53,0.16,-38.92,12.37873471,54.49820948,0.0,0.0,-0.01,-0.36,-0.06,-1,3
J052N066.ptr,2025-02-21 06:30:17.524,330254.31,6042116.72,2025-02-21 06:30:17.561,330253.87,6042116.55,19.74663,-9204.64,338.64,0.15,-38.92,12.37872257,54.49820534,0.0,0.0,-0.02,0.46,-0.037,0,1
J052N066.ptr,2025-02-21 06:30:17.524,330254.31,6042116.72,2025-02-21 06:30:17.561,330254.31,6042116.72,19.74663,-9204.25,338.64,0.19,-38.92,12.37872921,54.49820702,0.0,0.0,0.02,0.07,-0.037,0,2
J052N066.ptr,2025-02-21 06:30:17.524,330254.31,6042116.72,2025-02-21 06:30:17.561,330254.75,6042116.89,19.74663,-9203.85,338.64,0.17,-38.92,12.37873594,54.49820872,0.0,0.0,-0.0,-0.33,-0.037,-1,3
J052N066.ptr,2025-02-21 06:30:18.571,330254.4,6042116.54,2025-02-21 06:30:18.578,330253.97,6042116.37,19.74663,-9204.73,338.84,0.09,-39.04,12.37872408,54.49820376,0.0,0.0,0.04,0.55,-0.007,1,1
J052N066.ptr,2025-02-21 06:30:18.571,330254.4,6042116.54,2025-02-21 06:30:18.578,330254.4,6042116.54,19.74663,-9204.34,338.84,0.14,-39.04,12.37873072,54.49820542,0.0,0.0,0.09,0.16,-0.007,0,2
J052N066.ptr,2025-02-21 06:30:18.571,330254.4,6042116.54,2025-02-21 06:30:18.578,330254.85,6042116.71,19.74663,-9203.95,338.84,0.12,-39.04,12.37873747,54.49820711,0.0,0.0,0.07,-0.23,-0.007,-4,3
J052N066.ptr,2025-02-21 06:30:19.514,330254.42,6042116.38,2025-02-21 06:30:19.641,330253.97,6042116.2,19.74663,-9204.86,339.42,0.05,-39.06,12.37872431,54.49820228,0.0,0.0,0.02,0.68,-0.127,0,1
J052N066.ptr,2025-02-21 06:30:19.514,330254.42,6042116.38,2025-02-21 06:30:19.641,330254.41,6042116.37,19.74663,-9204.48,339.42,0.09,-39.06,12.37873101,54.49820391,0.0,0.0,0.05,0.29,-0.127,0,2
J052N066.ptr,2025-02-21 06:30:19.514,330254.42,6042116.38,2025-02-21 06:30:19.641,330254.86,6042116.54,19.74663,-9204.08,339.42,0.05,-39.06,12.37873777,54.49820556,0.0,0.0,0.02,-0.1,-0.127,-3,3
J052N066.ptr,2025-02-21 06:30:20.561,330254.44,6042116.2,2025-02-21 06:30:20.580,330254.0,6042116.04,19.74663,-9204.99,339.92,0.0,-39.06,12.37872476,54.49820076,0.0,0.0,-0.03,0.81,-0.019,0,1
J052N066.ptr,2025-02-21 06:30:20.561,330254.44,6042116.2,2025-02-21 06:30:20.580,330254.44,6042116.2,19.74663,-9204.6,339.92,0.03,-39.06,12.37873148,54.49820235,0.0,0.0,0.01,0.42,-0.019,0,2
J052N066.ptr,2025-02-21 06:30:20.561,330254.44,6042116.2,2025-02-21 06:30:20.580,330254.88,6042116.36,19.74663,-9204.21,339.92,-0.0,-39.06,12.37873826,54.49820397,0.0,0.0,-0.03,0.03,-0.019,-3,3
J052N066.ptr,2025-02-21 06:30:21.504,330254.55,6042116.03,2025-02-21 06:30:21.645,330254.12,6042115.86,19.74663,-9205.06,339.81,0.06,-39.06,12.37872671,54.49819925,0.0,0.0,0.03,0.88,-0.141,-2,1
J052N066.ptr,2025-02-21 06:30:21.504,330254.55,6042116.03,2025-02-21 06:30:21.645,330254.56,6042116.02,19.74663,-9204.68,339.81,0.1,-39.06,12.3787334,54.49820084,0.0,0.0,0.07,0.5,-0.141,0,2
J052N066.ptr,2025-02-21 06:30:21.504,330254.55,6042116.03,2025-02-21 06:30:21.645,330255.0,6042116.19,19.74663,-9204.29,339.81,0.09,-39.06,12.37874019,54.49820247,0.0,0.0,0.06,0.11,-0.141,-1,3
J052N066.ptr,2025-02-21 06:30:22.551,330254.61,6042115.86,2025-02-21 06:30:22.479,330254.17,6042115.71,19.74663,-9205.16,339.83,0.07,-39.04,12.37872755,54.49819788,0.0,0.0,0.02,0.98,0.072,0,1
J052N066.ptr,2025-02-21 06:30:22.551,330254.61,6042115.86,2025-02-21 06:30:22.479,330254.61,6042115.87,19.74663,-9204.78,339.83,0.11,-39.04,12.37873425,54.49819948,0.0,0.0,0.06,0.59,0.072,0,2
J052N066.ptr,2025-02-21 06:30:22.551,330254.61,6042115.86,2025-02-21 06:30:22.479,330255.05,6042116.03,19.74663,-9204.39,339.83,0.09,-39.04,12.37874104,54.4982011,0.0,0.0,0.04,0.2,0.072,-1,3
J052N066.ptr,2025-02-21 06:30:23.493,330254.59,6042115.74,2025-02-21 06:30:23.637,330254.14,6042115.58,19.74663,-9205.28,340.13,0.03,-39.04,12.37872727,54.4981967,0.0,0.0,-0.02,1.1,-0.144,1,1
J052N066.ptr,2025-02-21 06:30:23.493,330254.59,6042115.74,2025-02-21 06:30:23.637,330254.58,6042115.74,19.74663,-9204.9,340.13,0.07,-39.04,12.37873399,54.49819828,0.0,0.0,0.01,0.71,-0.144,0,2
J052N066.ptr,2025-02-21 06:30:23.493,330254.59,6042115.74,2025-02-21 06:30:23.637,330255.03,6042115.9,19.74663,-9204.51,340.13,0.04,-39.04,12.37874079,54.49819988,0.0,0.0,-0.02,0.33,-0.144,-1,3
J052N066.ptr,2025-02-21 06:30:24.540,330254.56,6042115.68,2025-02-21 06:30:24.639,330254.12,6042115.52,19.74663,-9205.34,340.56,-0.03,-39.12,12.37872689,54.49819617,0.0,0.0,-0.01,1.16,-0.099,0,1
J052N066.ptr,2025-02-21 06:30:24.540,330254.56,6042115.68,2025-02-21 06:30:24.639,330254.56,6042115.67,19.74663,-9204.96,340.56,0.0,-39.12,12.37873364,54.49819772,0.0,0.0,0.03,0.78,-0.099,0,2
J052N066.ptr,2025-02-21 06:30:24.540,330254.56,6042115.68,2025-02-21 06:30:24.639,330255.01,6042115.83,19.74663,-9204.58,340.56,-0.03,-39.12,12.37874046,54.49819929,0.0,0.0,-0.0,0.39,-0.099,0,3
J052N066.ptr,2025-02-21 06:30:25.483,330254.56,6042115.68,2025-02-21 06:30:25.476,330254.12,6042115.52,19.74663,-9205.34,340.56,0.07,-39.05,12.37872696,54.49819617,0.0,0.0,0.03,1.16,0.007,1,1
J052N066.ptr,2025-02-21 06:30:25.483,330254.56,6042115.68,2025-02-21 06:30:25.476,330254.56,6042115.68,19.74663,-9204.96,340.56,0.1,-39.05,12.3787337,54.49819772,0.0,0.0,0.07,0.78,0.007,-1,2
J052N066.ptr,2025-02-21 06:30:25.483,330254.56,6042115.68,2025-02-21 06:30:25.476,330255.01,6042115.83,19.74663,-9204.57,340.56,0.07,-39.05,12.37874052,54.49819929,0.0,0.0,0.03,0.39,0.007,-1,3
J052N066.ptr,2025-02-21 06:30:26.530,330254.6,6042115.69,2025-02-21 06:30:26.558,330254.16,6042115.53,19.74663,-9205.31,339.97,-0.04,-39.15,12.37872753,54.49819627,0.0,0.0,0.02,1.13,-0.028,-1,1
J052N066.ptr,2025-02-21 06:30:26.530,330254.6,6042115.69,2025-02-21 06:30:26.558,330254.6,6042115.69,19.74663,-9204.93,339.97,-0.01,-39.15,12.37873425,54.49819786,0.0,0.0,0.05,0.74,-0.028,-1,2
J052N066.ptr,2025-02-21 06:30:26.530,330254.6,6042115.69,2025-02-21 06:30:26.558,330255.05,6042115.85,19.74663,-9204.54,339.97,-0.04,-39.15,12.37874104,54.49819948,0.0,0.0,0.02,0.36,-0.028,0,3
J052N066.ptr,2025-02-21 06:30:27.577,330254.62,6042115.7,2025-02-21 06:30:27.613,330254.18,6042115.54,19.74663,-9205.29,339.74,-0.05,-39.16,12.37872787,54.49819634,0.0,0.0,0.02,1.11,-0.036,-3,1
J052N066.ptr,2025-02-21 06:30:27.577,330254.62,6042115.7,2025-02-21 06:30:27.613,330254.62,6042115.7,19.74663,-9204.91,339.74,-0.01,-39.16,12.37873457,54.49819795,0.0,0.0,0.06,0.73,-0.036,0,2
J052N066.ptr,2025-02-21 06:30:27.577,330254.62,6042115.7,2025-02-21 06:30:27.613,330255.07,6042115.86,19.74663,-9204.52,339.74,-0.04,-39.16,12.37874135,54.49819957,0.0,0.0,0.03,0.33,-0.036,0,3
J052N066.ptr,2025-02-21 06:30:28.520,330254.61,6042115.72,2025-02-21 06:30:28.559,330254.17,6042115.56,19.74663,-9205.28,339.68,0.09,-38.95,12.37872772,54.49819653,0.0,0.0,-0.05,1.1,-0.039,0,1
J052N066.ptr,2025-02-21 06:30:28.520,330254.61,6042115.72,2025-02-21 06:30:28.559,330254.61,6042115.72,19.74663,-9204.9,339.68,0.14,-38.95,12.37873441,54.49819813,0.0,0.0,0.0,0.71,-0.039,0,2
J052N066.ptr,2025-02-21 06:30:28.520,330254.61,6042115.72,2025-02-21 06:30:28.559,330255.06,6042115.88,19.74663,-9204.5,339.68,0.13,-38.95,12.37874119,54.49819977,0.0,0.0,-0.01,0.32,-0.039,-1,3
J052N066.ptr,2025-02-21 06:30:29.567,330254.62,6042115.72,2025-02-21 06:30:29.655,330254.18,6042115.55,19.74663,-9205.28,338.91,0.19,-38.87,12.37872786,54.49819651,0.0,0.0,-0.03,1.1,-0.088,0,1
J052N066.ptr,2025-02-21 06:30:29.567,330254.62,6042115.72,2025-02-21 06:30:29.655,330254.62,6042115.72,19.74663,-9204.89,338.91,0.25,-38.87,12.37873449,54.49819816,0.0,0.0,0.03,0.71,-0.088,0,2
J052N066.ptr,2025-02-21 06:30:29.567,330254.62,6042115.72,2025-02-21 06:30:29.655,330255.06,6042115.89,19.74663,-9204.5,338.91,0.25,-38.87,12.37874124,54.49819985,0.0,0.0,0.02,0.31,-0.088,-1,3
J052N066.ptr,2025-02-21 06:30:30.510,330254.57,6042115.71,2025-02-21 06:30:30.512,330254.13,6042115.54,19.74663,-9205.32,338.39,0.15,-38.96,12.37872714,54.49819634,0.0,0.0,0.02,1.14,-0.002,-1,1
J052N066.ptr,2025-02-21 06:30:30.510,330254.57,6042115.71,2025-02-21 06:30:30.512,330254.57,6042115.71,19.74663,-9204.93,338.39,0.2,-38.96,12.37873376,54.49819803,0.0,0.0,0.07,0.75,-0.002,-1,2
J052N066.ptr,2025-02-21 06:30:30.510,330254.57,6042115.71,2025-02-21 06:30:30.512,330255.01,6042115.88,19.74663,-9204.53,338.39,0.19,-38.96,12.37874049,54.49819975,0.0,0.0,0.06,0.35,-0.002,-1,3
J052N066.ptr,2025-02-21 06:30:31.557,330254.48,6042115.66,2025-02-21 06:30:31.508,330254.05,6042115.49,19.74663,-9205.41,338.31,0.08,-39.06,12.37872583,54.49819591,0.0,0.0,0.05,1.22,0.049,0,1
J052N066.ptr,2025-02-21 06:30:31.557,330254.48,6042115.66,2025-02-21 06:30:31.508,330254.48,6042115.67,19.74663,-9205.01,338.31,0.13,-39.06,12.37873245,54.49819762,0.0,0.0,0.09,0.83,0.049,0,2
J052N066.ptr,2025-02-21 06:30:31.557,330254.48,6042115.66,2025-02-21 06:30:31.508,330254.92,6042115.84,19.74663,-9204.62,338.31,0.11,-39.06,12.37873917,54.49819934,0.0,0.0,0.07,0.43,0.049,-2,3
J052N066.ptr,2025-02-21 06:30:32.499,330254.41,6042115.62,2025-02-21 06:30:32.556,330253.97,6042115.45,19.74663,-9205.48,338.99,0.11,-39.04,12.37872467,54.49819551,0.0,0.0,0.05,1.3,-0.057,0,1
J052N066.ptr,2025-02-21 06:30:32.499,330254.41,6042115.62,2025-02-21 06:30:32.556,330254.41,6042115.62,19.74663,-9205.09,338.99,0.14,-39.04,12.37873134,54.49819717,0.0,0.0,0.08,0.91,-0.057,0,2
J052N066.ptr,2025-02-21 06:30:32.499,330254.41,6042115.62,2025-02-21 06:30:32.556,330254.85,6042115.79,19.74663,-9204.7,338.99,0.1,-39.04,12.37873808,54.49819885,0.0,0.0,0.05,0.52,-0.057,0,3
J052N066.ptr,2025-02-21 06:30:33.546,330254.39,6042115.63,2025-02-21 06:30:33.539,330253.95,6042115.47,19.74663,-9205.48,339.37,0.04,-39.03,12.37872437,54.49819564,0.0,0.0,-0.01,1.3,0.007,-3,1
J052N066.ptr,2025-02-21 06:30:33.546,330254.39,6042115.63,2025-02-21 06:30:33.539,330254.39,6042115.63,19.74663,-9205.09,339.37,0.08,-39.03,12.37873106,54.49819727,0.0,0.0,0.02,0.91,0.007,0,2
J052N066.ptr,2025-02-21 06:30:33.546,330254.39,6042115.63,2025-02-21 06:30:33.539,330254.83,6042115.8,19.74663,-9204.7,339.37,0.05,-39.03,12.37873782,54.49819892,0.0,0.0,-0.01,0.52,0.007,0,3
J052N066.ptr,2025-02-21 06:30:34.489,330254.35,6042115.66,2025-02-21 06:30:34.477,330253.91,6042115.5,19.74663,-9205.48,339.57,0.08,-38.94,12.37872377,54.49819589,0.0,0.0,-0.07,1.3,0.012,0,1
J052N066.ptr,2025-02-21 06:30:34.489,330254.35,6042115.66,2025-02-21 06:30:34.477,330254.35,6042115.66,19.74663,-9205.09,339.57,0.13,-38.94,12.37873045,54.49819749,0.0,0.0,-0.02,0.91,0.012,-1,2
J052N066.ptr,2025-02-21 06:30:34.489,330254.35,6042115.66,2025-02-21 06:30:34.477,330254.8,6042115.82,19.74663,-9204.7,339.57,0.12,-38.94,12.37873723,54.49819914,0.0,0.0,-0.04,0.52,0.012,-2,3
J052N066.ptr,2025-02-21 06:30:35.536,330254.34,6042115.71,2025-02-21 06:30:35.514,330253.9,6042115.54,19.74663,-9205.45,339.25,0.11,-38.96,12.37872351,54.49819629,0.0,0.0,-0.02,1.27,0.022,0,1
J052N066.ptr,2025-02-21 06:30:35.536,330254.34,6042115.71,2025-02-21 06:30:35.514,330254.33,6042115.7,19.74663,-9205.07,339.25,0.17,-38.96,12.37873017,54.49819791,0.0,0.0,0.04,0.88,0.022,0,2
J052N066.ptr,2025-02-21 06:30:35.536,330254.34,6042115.71,2025-02-21 06:30:35.514,330254.78,6042115.87,19.74663,-9204.67,339.25,0.16,-38.96,12.37873693,54.49819958,0.0,0.0,0.03,0.49,0.022,0,3
J052N066.ptr,2025-02-21 06:30:36.583,330254.33,6042115.65,2025-02-21 06:30:36.546,330253.89,6042115.49,19.74663,-9205.5,339.02,0.19,-38.98,12.37872338,54.4981958,0.0,0.0,0.07,1.32,0.037,0,1
J052N066.ptr,2025-02-21 06:30:36.583,330254.33,6042115.65,2025-02-21 06:30:36.546,330254.33,6042115.65,19.74663,-9205.11,339.02,0.22,-38.98,12.37873005,54.49819745,0.0,0.0,0.11,0.93,0.037,0,2
J052N066.ptr,2025-02-21 06:30:36.583,330254.33,6042115.65,2025-02-21 06:30:36.546,330254.77,6042115.82,19.74663,-9204.72,339.02,0.19,-38.98,12.3787368,54.49819913,0.0,0.0,0.08,0.54,0.037,-1,3
J052N066.ptr,2025-02-21 06:30:37.526,330254.3,6042115.65,2025-02-21 06:30:37.559,330253.86,6042115.49,19.74663,-9205.52,339.33,0.22,-38.88,12.378723,54.49819579,0.0,0.0,0.01,1.33,-0.033,-1,1
J052N066.ptr,2025-02-21 06:30:37.526,330254.3,6042115.65,2025-02-21 06:30:37.559,330254.3,6042115.65,19.74663,-9205.13,339.33,0.26,-38.88,12.37872969,54.49819742,0.0,0.0,0.05,0.95,-0.033,1,2
J052N066.ptr,2025-02-21 06:30:37.526,330254.3,6042115.65,2025-02-21 06:30:37.559,330254.75,6042115.82,19.74663,-9204.74,339.33,0.23,-38.88,12.37873645,54.49819908,0.0,0.0,0.01,0.55,-0.033,-3,3
J052N066.ptr,2025-02-21 06:30:38.573,330254.29,6042115.77,2025-02-21 06:30:38.539,330253.85,6042115.61,19.74663,-9205.43,339.42,0.29,-38.69,12.37872268,54.49819686,0.0,0.0,-0.11,1.24,0.034,0,1
J052N066.ptr,2025-02-21 06:30:38.573,330254.29,6042115.77,2025-02-21 06:30:38.539,330254.28,6042115.77,19.74663,-9205.04,339.42,0.35,-38.69,12.37872933,54.49819847,0.0,0.0,-0.04,0.86,0.034,-2,2
J052N066.ptr,2025-02-21 06:30:38.573,330254.29,6042115.77,2025-02-21 06:30:38.539,330254.73,6042115.94,19.74663,-9204.65,339.42,0.35,-38.69,12.37873611,54.49820012,0.0,0.0,-0.04,0.47,0.034,-2,3
J052N066.ptr,2025-02-21 06:30:39.516,330254.21,6042115.84,2025-02-21 06:30:39.556,330253.77,6042115.67,19.74663,-9205.42,339.03,0.27,-38.76,12.37872141,54.49819744,0.0,0.0,-0.06,1.24,-0.04,-1,1
J052N066.ptr,2025-02-21 06:30:39.516,330254.21,6042115.84,2025-02-21 06:30:39.556,330254.2,6042115.84,19.74663,-9205.03,339.03,0.34,-38.76,12.37872803,54.49819907,0.0,0.0,0.01,0.85,-0.04,-1,2
J052N066.ptr,2025-02-21 06:30:39.516,330254.21,6042115.84,2025-02-21 06:30:39.556,330254.65,6042116.01,19.74663,-9204.64,339.03,0.34,-38.76,12.37873479,54.49820075,0.0,0.0,0.01,0.46,-0.04,-1,3
J052N066.ptr,2025-02-21 06:30:40.563,330253.99,6042115.9,2025-02-21 06:30:40.614,330253.55,6042115.73,19.74663,-9205.5,338.86,0.27,-38.88,12.37871799,54.49819787,0.0,0.0,0.07,1.32,-0.051,-2,1
J052N066.ptr,2025-02-21 06:30:40.563,330253.99,6042115.9,2025-02-21 06:30:40.614,330253.98,6042115.9,19.74663,-9205.11,338.86,0.31,-38.88,12.37872465,54.49819954,0.0,0.0,0.1,0.93,-0.051,1,2
J052N066.ptr,2025-02-21 06:30:40.563,330253.99,6042115.9,2025-02-21 06:30:40.614,330254.43,6042116.07,19.74663,-9204.71,338.86,0.28,-38.88,12.37873139,54.49820123,0.0,0.0,0.08,0.53,-0.051,-2,3
J052N066.ptr,2025-02-21 06:30:41.505,330253.87,6042115.94,2025-02-21 06:30:41.479,330253.43,6042115.78,19.74663,-9205.53,339.56,0.33,-38.91,12.37871617,54.49819825,0.0,0.0,0.15,1.34,0.026,-1,1
J052N066.ptr,2025-02-21 06:30:41.505,330253.87,6042115.94,2025-02-21 06:30:41.479,330253.87,6042115.94,19.74663,-9205.14,339.56,0.35,-38.91,12.37872288,54.49819988,0.0,0.0,0.17,0.96,0.026,0,2
J052N066.ptr,2025-02-21 06:30:41.505,330253.87,6042115.94,2025-02-21 06:30:41.479,330254.32,6042116.11,19.74663,-9204.75,339.56,0.31,-38.91,12.37872964,54.49820151,0.0,0.0,0.13,0.57,0.026,-1,3
J052N066.ptr,2025-02-21 06:30:42.553,330253.88,6042115.95,2025-02-21 06:30:42.611,330253.44,6042115.8,19.74663,-9205.5,340.19,0.22,-39.0,12.37871631,54.49819846,0.0,0.0,0.13,1.32,-0.058,-3,1
J052N066.ptr,2025-02-21 06:30:42.553,330253.88,6042115.95,2025-02-21 06:30:42.611,330253.88,6042115.96,19.74663,-9205.12,340.19,0.27,-39.0,12.37872302,54.49820003,0.0,0.0,0.18,0.94,-0.058,-2,2
J052N066.ptr,2025-02-21 06:30:42.553,330253.88,6042115.95,2025-02-21 06:30:42.611,330254.33,6042116.12,19.74663,-9204.73,340.19,0.25,-39.0,12.37872983,54.49820163,0.0,0.0,0.16,0.55,-0.058,-1,3
J052N066.ptr,2025-02-21 06:30:43.495,330253.91,6042115.96,2025-02-21 06:30:43.508,330253.46,6042115.79,19.74663,-9205.49,339.94,0.05,-39.04,12.37871667,54.49819843,0.0,0.0,-0.0,1.31,-0.013,-2,1
J052N066.ptr,2025-02-21 06:30:43.495,330253.91,6042115.96,2025-02-21 06:30:43.508,330253.9,6042115.95,19.74663,-9205.11,339.94,0.11,-39.04,12.37872335,54.49820001,0.0,0.0,0.06,0.93,-0.013,1,2
J052N066.ptr,2025-02-21 06:30:43.495,330253.91,6042115.96,2025-02-21 06:30:43.508,330254.35,6042116.12,19.74663,-9204.72,339.94,0.1,-39.04,12.37873016,54.49820163,0.0,0.0,0.05,0.54,-0.013,0,3
J052N066.ptr,2025-02-21 06:30:44.542,330253.87,6042115.87,2025-02-21 06:30:44.475,330253.44,6042115.71,19.74663,-9205.58,339.73,0.04,-38.95,12.37871629,54.49819768,0.0,0.0,-0.11,1.39,0.067,-1,1
J052N066.ptr,2025-02-21 06:30:44.542,330253.87,6042115.87,2025-02-21 06:30:44.475,330253.88,6042115.87,19.74663,-9205.19,339.73,0.07,-38.95,12.378723,54.49819928,0.0,0.0,-0.07,1.01,0.067,-2,2
J052N066.ptr,2025-02-21 06:30:44.542,330253.87,6042115.87,2025-02-21 06:30:44.475,330254.32,6042116.04,19.74663,-9204.8,339.73,0.04,-38.95,12.37872977,54.49820092,0.0,0.0,-0.11,0.62,0.067,0,3
J052N066.ptr,2025-02-21 06:30:45.485,330253.89,6042115.77,2025-02-21 06:30:45.470,330253.45,6042115.61,19.74663,-9205.65,340.08,0.0,-39.02,12.37871653,54.4981968,0.0,0.0,-0.07,1.47,0.015,0,1
J052N066.ptr,2025-02-21 06:30:45.485,330253.89,6042115.77,2025-02-21 06:30:45.470,330253.89,6042115.77,19.74663,-9205.26,340.08,0.02,-39.02,12.37872327,54.49819839,0.0,0.0,-0.05,1.08,0.015,-1,2
J052N066.ptr,2025-02-21 06:30:45.485,330253.89,6042115.77,2025-02-21 06:30:45.470,330254.34,6042115.94,19.74663,-9204.88,340.08,-0.02,-39.02,12.37873005,54.49819999,0.0,0.0,-0.09,0.69,0.015,1,3
J052N066.ptr,2025-02-21 06:30:46.532,330253.96,6042115.68,2025-02-21 06:30:46.477,330253.52,6042115.52,19.74663,-9205.68,340.28,0.04,-39.05,12.37871773,54.49819599,0.0,0.0,-0.0,1.5,0.055,-1,1
J052N066.ptr,2025-02-21 06:30:46.532,330253.96,6042115.68,2025-02-21 06:30:46.477,330253.96,6042115.68,19.74663,-9205.3,340.28,0.08,-39.05,12.37872446,54.49819756,0.0,0.0,0.04,1.12,0.055,-3,2
J052N066.ptr,2025-02-21 06:30:46.532,330253.96,6042115.68,2025-02-21 06:30:46.477,330254.41,6042115.84,19.74663,-9204.91,340.28,0.05,-39.05,12.37873126,54.49819915,0.0,0.0,0.01,0.73,0.055,0,3
J052N066.ptr,2025-02-21 06:30:47.579,330253.97,6042115.64,2025-02-21 06:30:47.612,330253.52,6042115.48,19.74663,-9205.72,340.61,-0.02,-39.05,12.37871778,54.49819559,0.0,0.0,-0.07,1.54,-0.033,0,1
J052N066.ptr,2025-02-21 06:30:47.579,330253.97,6042115.64,2025-02-21 06:30:47.612,330253.97,6042115.63,19.74663,-9205.34,340.61,0.01,-39.05,12.37872453,54.49819713,0.0,0.0,-0.03,1.16,-0.033,1,2
J052N066.ptr,2025-02-21 06:30:47.579,330253.97,6042115.64,2025-02-21 06:30:47.612,330254.41,6042115.79,19.74663,-9204.95,340.61,-0.02,-39.05,12.37873135,54.4981987,0.0,0.0,-0.06,0.77,-0.033,0,3
J052N066.ptr,2025-02-21 06:30:48.522,330253.99,6042115.54,2025-02-21 06:30:48.525,330253.55,6042115.38,19.74663,-9205.78,340.78,0.03,-39.06,12.37871826,54.49819476,0.0,0.0,-0.01,1.6,-0.003,0,1
J052N066.ptr,2025-02-21 06:30:48.522,330253.99,6042115.54,2025-02-21 06:30:48.525,330254.0,6042115.54,19.74663,-9205.4,340.78,0.06,-39.06,12.37872502,54.49819629,0.0,0.0,0.03,1.22,-0.003,-1,2
J052N066.ptr,2025-02-21 06:30:48.522,330253.99,6042115.54,2025-02-21 06:30:48.525,330254.44,6042115.69,19.74663,-9205.01,340.78,0.03,-39.06,12.37873185,54.49819785,0.0,0.0,-0.0,0.83,-0.003,-1,3
J052N066.ptr,2025-02-21 06:30:49.569,330254.04,6042115.43,2025-02-21 06:30:49.590,330253.6,6042115.27,19.74663,-9205.84,340.46,0.06,-39.04,12.3787191,54.49819379,0.0,0.0,0.0,1.66,-0.021,0,1
J052N066.ptr,2025-02-21 06:30:49.569,330254.04,6042115.43,2025-02-21 06:30:49.590,330254.04,6042115.43,19.74663,-9205.46,340.46,0.1,-39.04,12.37872584,54.49819535,0.0,0.0,0.04,1.28,-0.021,-1,2
J052N066.ptr,2025-02-21 06:30:49.569,330254.04,6042115.43,2025-02-21 06:30:49.590,330254.49,6042115.59,19.74663,-9205.07,340.46,0.07,-39.04,12.37873266,54.49819693,0.0,0.0,0.01,0.89,-0.021,-1,3
J052N066.ptr,2025-02-21 06:30:50.511,330254.06,6042115.36,2025-02-21 06:30:50.478,330253.62,6042115.21,19.74663,-9205.88,340.5,-0.08,-39.1,12.37871943,54.49819319,0.0,0.0,-0.07,1.7,0.033,-1,1
J052N066.ptr,2025-02-21 06:30:50.511,330254.06,6042115.36,2025-02-21 06:30:50.478,330254.06,6042115.36,19.74663,-9205.5,340.5,-0.05,-39.1,12.37872618,54.49819474,0.0,0.0,-0.04,1.32,0.033,0,2
J052N066.ptr,2025-02-21 06:30:50.511,330254.06,6042115.36,2025-02-21 06:30:50.478,330254.51,6042115.52,19.74663,-9205.12,340.5,-0.08,-39.1,12.37873299,54.49819632,0.0,0.0,-0.07,0.93,0.033,0,3
J052N066.ptr,2025-02-21 06:30:51.558,330254.15,6042115.28,2025-02-21 06:30:51.577,330253.71,6042115.12,19.74663,-9205.9,340.3,0.01,-39.01,12.37872088,54.49819243,0.0,0.0,-0.07,1.72,-0.019,-1,1
J052N066.ptr,2025-02-21 06:30:51.558,330254.15,6042115.28,2025-02-21 06:30:51.577,330254.15,6042115.27,19.74663,-9205.52,340.3,0.05,-39.01,12.37872761,54.49819399,0.0,0.0,-0.03,1.34,-0.019,0,2
J052N066.ptr,2025-02-21 06:30:51.558,330254.15,6042115.28,2025-02-21 06:30:51.577,330254.6,6042115.44,19.74663,-9205.13,340.3,0.03,-39.01,12.37873442,54.49819558,0.0,0.0,-0.06,0.95,-0.019,1,3
J052N066.ptr,2025-02-21 06:30:52.501,330254.24,6042115.18,2025-02-21 06:30:52.479,330253.8,6042115.02,19.74663,-9205.93,339.9,0.06,-39.04,12.37872224,54.49819162,0.0,0.0,0.01,1.75,0.022,0,1
J052N066.ptr,2025-02-21 06:30:52.501,330254.24,6042115.18,2025-02-21 06:30:52.479,330254.24,6042115.19,19.74663,-9205.55,339.9,0.1,-39.04,12.37872895,54.49819322,0.0,0.0,0.05,1.37,0.022,0,2
J052N066.ptr,2025-02-21 06:30:52.501,330254.24,6042115.18,2025-02-21 06:30:52.479,330254.68,6042115.35,19.74663,-9205.16,339.9,0.08,-39.04,12.37873574,54.49819483,0.0,0.0,0.02,0.98,0.022,-1,3
J052N066.ptr,2025-02-21 06:30:53.548,330254.35,6042115.05,2025-02-21 06:30:53.583,330253.92,6042114.88,19.74663,-9205.98,339.49,0.08,-39.06,12.37872418,54.49819039,0.0,0.0,0.05,1.8,-0.035,0,1
J052N066.ptr,2025-02-21 06:30:53.548,330254.35,6042115.05,2025-02-21 06:30:53.583,330254.36,6042115.05,19.74663,-9205.59,339.49,0.12,-39.06,12.37873087,54.49819201,0.0,0.0,0.09,1.41,-0.035,0,2
J052N066.ptr,2025-02-21 06:30:53.548,330254.35,6042115.05,2025-02-21 06:30:53.583,330254.8,6042115.21,19.74663,-9205.2,339.49,0.09,-39.06,12.37873764,54.49819365,0.0,0.0,0.06,1.02,-0.035,-1,3
J052N066.ptr,2025-02-21 06:30:54.491,330254.41,6042114.92,2025-02-21 06:30:54.480,330253.97,6042114.76,19.74663,-9206.05,339.48,0.06,-39.06,12.37872514,54.49818931,0.0,0.0,0.03,1.86,0.011,0,1
J052N066.ptr,2025-02-21 06:30:54.491,330254.41,6042114.92,2025-02-21 06:30:54.480,330254.41,6042114.92,19.74663,-9205.66,339.48,0.1,-39.06,12.37873183,54.49819093,0.0,0.0,0.07,1.48,0.011,1,2
J052N066.ptr,2025-02-21 06:30:54.491,330254.41,6042114.92,2025-02-21 06:30:54.480,330254.86,6042115.09,19.74663,-9205.27,339.48,0.07,-39.06,12.3787386,54.49819258,0.0,0.0,0.04,1.09,0.011,-2,3
J052N066.ptr,2025-02-21 06:30:55.538,330254.39,6042114.82,2025-02-21 06:30:55.559,330253.94,6042114.66,19.74663,-9206.15,340.1,-0.12,-39.13,12.37872474,54.4981884,0.0,0.0,-0.08,1.96,-0.021,0,1
J052N066.ptr,2025-02-21 06:30:55.538,330254.39,6042114.82,2025-02-21 06:30:55.559,330254.39,6042114.82,19.74663,-9205.76,340.1,-0.08,-39.13,12.37873148,54.49818997,0.0,0.0,-0.04,1.58,-0.021,-1,2
J052N066.ptr,2025-02-21 06:30:55.538,330254.39,6042114.82,2025-02-21 06:30:55.559,330254.83,6042114.98,19.74663,-9205.37,340.1,-0.12,-39.13,12.37873826,54.49819158,0.0,0.0,-0.08,1.19,-0.021,0,3
J052N066.ptr,2025-02-21 06:30:56.585,330254.44,6042114.69,2025-02-21 06:30:56.649,330254.0,6042114.53,19.74663,-9206.22,340.6,0.02,-39.05,12.37872561,54.49818725,0.0,0.0,-0.02,2.04,-0.064,0,1
J052N066.ptr,2025-02-21 06:30:56.585,330254.44,6042114.69,2025-02-21 06:30:56.649,330254.44,6042114.68,19.74663,-9205.84,340.6,0.07,-39.05,12.37873235,54.49818879,0.0,0.0,0.03,1.66,-0.064,0,2
J052N066.ptr,2025-02-21 06:30:56.585,330254.44,6042114.69,2025-02-21 06:30:56.649,330254.89,6042114.84,19.74663,-9205.46,340.6,0.05,-39.05,12.37873918,54.49819036,0.0,0.0,0.01,1.27,-0.064,-1,3
J052N066.ptr,2025-02-21 06:30:57.527,330254.48,6042114.56,2025-02-21 06:30:57.480,330254.04,6042114.41,19.74663,-9206.3,340.59,0.05,-39.04,12.37872629,54.4981862,0.0,0.0,0.0,2.11,0.047,0,1
J052N066.ptr,2025-02-21 06:30:57.527,330254.48,6042114.56,2025-02-21 06:30:57.480,330254.48,6042114.57,19.74663,-9205.92,340.59,0.09,-39.04,12.37873303,54.49818775,0.0,0.0,0.05,1.73,0.047,0,2
J052N066.ptr,2025-02-21 06:30:57.527,330254.48,6042114.56,2025-02-21 06:30:57.480,330254.93,6042114.73,19.74663,-9205.53,340.59,0.07,-39.04,12.37873986,54.49818932,0.0,0.0,0.02,1.35,0.047,-2,3
J052N066.ptr,2025-02-21 06:30:58.575,330254.57,6042114.42,2025-02-21 06:30:58.585,330254.13,6042114.26,19.74663,-9206.37,340.28,0.07,-39.03,12.37872777,54.49818485,0.0,0.0,0.01,2.19,-0.01,0,1
J052N066.ptr,2025-02-21 06:30:58.575,330254.57,6042114.42,2025-02-21 06:30:58.585,330254.57,6042114.42,19.74663,-9205.99,340.28,0.11,-39.03,12.37873449,54.49818642,0.0,0.0,0.05,1.81,-0.01,-1,2
J052N066.ptr,2025-02-21 06:30:58.575,330254.57,6042114.42,2025-02-21 06:30:58.585,330255.02,6042114.58,19.74663,-9205.6,340.28,0.09,-39.03,12.3787413,54.49818801,0.0,0.0,0.03,1.42,-0.01,-1,3
J052N066.ptr,2025-02-21 06:30:59.517,330254.65,6042114.28,2025-02-21 06:30:59.479,330254.21,6042114.12,19.74663,-9206.43,340.01,0.09,-39.04,12.37872912,54.49818367,0.0,0.0,0.04,2.25,0.038,1,1
J052N066.ptr,2025-02-21 06:30:59.517,330254.65,6042114.28,2025-02-21 06:30:59.479,330254.65,6042114.28,19.74663,-9206.05,340.01,0.13,-39.04,12.37873583,54.49818526,0.0,0.0,0.08,1.87,0.038,-1,2
J052N066.ptr,2025-02-21 06:30:59.517,330254.65,6042114.28,2025-02-21 06:30:59.479,330255.1,6042114.45,19.74663,-9205.66,340.01,0.1,-39.04,12.37874263,54.49818687,0.0,0.0,0.05,1.48,0.038,-1,3
J052N066.ptr,2025-02-21 06:31:00.565,330254.71,6042114.17,2025-02-21 06:31:00.591,330254.27,6042114.01,19.74663,-9206.49,339.61,-0.12,-39.14,12.37873021,54.49818264,0.0,0.0,-0.07,2.31,-0.026,-2,1
J052N066.ptr,2025-02-21 06:31:00.565,330254.71,6042114.17,2025-02-21 06:31:00.591,330254.72,6042114.17,19.74663,-9206.11,339.61,-0.08,-39.14,12.37873691,54.49818425,0.0,0.0,-0.03,1.92,-0.026,0,2
J052N066.ptr,2025-02-21 06:31:00.565,330254.71,6042114.17,2025-02-21 06:31:00.591,330255.16,6042114.33,19.74663,-9205.71,339.61,-0.11,-39.14,12.37874368,54.49818589,0.0,0.0,-0.06,1.53,-0.026,0,3
J052N066.ptr,2025-02-21 06:31:01.507,330254.76,6042114.08,2025-02-21 06:31:01.480,330254.32,6042113.92,19.74663,-9206.54,339.61,-0.04,-39.05,12.37873097,54.49818185,0.0,0.0,-0.08,2.36,0.027,-1,1
J052N066.ptr,2025-02-21 06:31:01.507,330254.76,6042114.08,2025-02-21 06:31:01.480,330254.76,6042114.08,19.74663,-9206.15,339.61,0.0,-39.05,12.37873767,54.49818346,0.0,0.0,-0.03,1.97,0.027,3,2
J052N066.ptr,2025-02-21 06:31:01.507,330254.76,6042114.08,2025-02-21 06:31:01.480,330255.21,6042114.25,19.74663,-9205.76,339.61,-0.02,-39.05,12.37874445,54.4981851,0.0,0.0,-0.06,1.58,0.027,0,3
J052N066.ptr,2025-02-21 06:31:02.554,330254.81,6042113.93,2025-02-21 06:31:02.590,330254.37,6042113.77,19.74663,-9206.64,339.83,0.02,-39.07,12.37873179,54.49818051,0.0,0.0,-0.0,2.45,-0.036,0,1
J052N066.ptr,2025-02-21 06:31:02.554,330254.81,6042113.93,2025-02-21 06:31:02.590,330254.81,6042113.93,19.74663,-9206.25,339.83,0.06,-39.07,12.37873849,54.4981821,0.0,0.0,0.04,2.07,-0.036,0,2
J052N066.ptr,2025-02-21 06:31:02.554,330254.81,6042113.93,2025-02-21 06:31:02.590,330255.25,6042114.09,19.74663,-9205.86,339.83,0.04,-39.07,12.37874528,54.49818373,0.0,0.0,0.02,1.68,-0.036,-1,3
J052N066.ptr,2025-02-21 06:31:03.497,330254.85,6042113.8,2025-02-21 06:31:03.481,330254.41,6042113.64,19.74663,-9206.71,339.77,0.15,-39.01,12.37873247,54.49817942,0.0,0.0,0.07,2.53,0.016,0,1
J052N066.ptr,2025-02-21 06:31:03.497,330254.85,6042113.8,2025-02-21 06:31:03.481,330254.85,6042113.8,19.74663,-9206.33,339.77,0.19,-39.01,12.37873917,54.49818102,0.0,0.0,0.12,2.15,0.016,0,2
J052N066.ptr,2025-02-21 06:31:03.497,330254.85,6042113.8,2025-02-21 06:31:03.481,330255.29,6042113.97,19.74663,-9205.94,339.77,0.17,-39.01,12.37874596,54.49818265,0.0,0.0,0.09,1.76,0.016,0,3
J052N066.ptr,2025-02-21 06:31:04.544,330254.93,6042113.67,2025-02-21 06:31:04.589,330254.5,6042113.5,19.74663,-9206.78,339.56,0.15,-39.08,12.37873393,54.49817814,0.0,0.0,0.14,2.6,-0.045,-1,1
J052N066.ptr,2025-02-21 06:31:04.544,330254.93,6042113.67,2025-02-21 06:31:04.589,330254.94,6042113.66,19.74663,-9206.4,339.56,0.2,-39.08,12.37874061,54.49817977,0.0,0.0,0.18,2.21,-0.045,1,2
J052N066.ptr,2025-02-21 06:31:04.544,330254.93,6042113.67,2025-02-21 06:31:04.589,330255.38,6042113.83,19.74663,-9206.0,339.56,0.18,-39.08,12.37874739,54.4981814,0.0,0.0,0.16,1.82,-0.045,-2,3
J052N066.ptr,2025-02-21 06:31:05.486,330254.98,6042113.55,2025-02-21 06:31:05.482,330254.53,6042113.39,19.74663,-9206.85,339.52,0.1,-39.05,12.37873458,54.49817719,0.0,0.0,0.06,2.67,0.004,-1,1
J052N066.ptr,2025-02-21 06:31:05.486,330254.98,6042113.55,2025-02-21 06:31:05.482,330254.97,6042113.55,19.74663,-9206.46,339.52,0.13,-39.05,12.37874127,54.49817881,0.0,0.0,0.1,2.28,0.004,2,2
J052N066.ptr,2025-02-21 06:31:05.486,330254.98,6042113.55,2025-02-21 06:31:05.482,330255.42,6042113.72,19.74663,-9206.07,339.52,0.11,-39.05,12.37874804,54.49818045,0.0,0.0,0.07,1.89,0.004,-2,3
J052N066.ptr,2025-02-21 06:31:06.534,330255.0,6042113.44,2025-02-21 06:31:06.480,330254.56,6042113.28,19.74663,-9206.92,339.63,0.04,-39.04,12.37873505,54.49817625,0.0,0.0,-0.01,2.74,0.054,-1,1
J052N066.ptr,2025-02-21 06:31:06.534,330255.0,6042113.44,2025-02-21 06:31:06.480,330255.0,6042113.45,19.74663,-9206.53,339.63,0.08,-39.04,12.37874175,54.49817786,0.0,0.0,0.03,2.35,0.054,0,2
J052N066.ptr,2025-02-21 06:31:06.534,330255.0,6042113.44,2025-02-21 06:31:06.480,330255.45,6042113.61,19.74663,-9206.14,339.63,0.06,-39.04,12.37874853,54.49817949,0.0,0.0,0.01,1.96,0.054,0,3
J052N066.ptr,2025-02-21 06:31:07.581,330255.06,6042113.34,2025-02-21 06:31:07.512,330254.62,6042113.18,19.74663,-9206.97,339.54,0.06,-38.98,12.37873599,54.49817535,0.0,0.0,-0.05,2.79,0.069,0,1
J052N066.ptr,2025-02-21 06:31:07.581,330255.06,6042113.34,2025-02-21 06:31:07.512,330255.06,6042113.34,19.74663,-9206.59,339.54,0.11,-38.98,12.37874267,54.49817696,0.0,0.0,-0.01,2.4,0.069,-2,2
J052N066.ptr,2025-02-21 06:31:07.581,330255.06,6042113.34,2025-02-21 06:31:07.512,330255.5,6042113.51,19.74663,-9206.19,339.54,0.09,-38.98,12.37874945,54.49817861,0.0,0.0,-0.02,2.01,0.069,0,3
J052N066.ptr,2025-02-21 06:31:08.523,330255.11,6042113.23,2025-02-21 06:31:08.482,330254.67,6042113.07,19.74663,-9207.03,339.51,0.16,-38.96,12.37873679,54.49817439,0.0,0.0,0.03,2.85,0.041,0,1
J052N066.ptr,2025-02-21 06:31:08.523,330255.11,6042113.23,2025-02-21 06:31:08.482,330255.11,6042113.24,19.74663,-9206.65,339.51,0.21,-38.96,12.37874347,54.49817601,0.0,0.0,0.08,2.46,0.041,0,2
J052N066.ptr,2025-02-21 06:31:08.523,330255.11,6042113.23,2025-02-21 06:31:08.482,330255.55,6042113.4,19.74663,-9206.25,339.51,0.2,-38.96,12.37875025,54.49817765,0.0,0.0,0.07,2.07,0.041,1,3
J052N066.ptr,2025-02-21 06:31:09.570,330255.15,6042113.09,2025-02-21 06:31:09.588,330254.71,6042112.92,19.74663,-9207.13,339.53,0.11,-39.1,12.3787376,54.49817303,0.0,0.0,0.12,2.95,-0.018,0,1
J052N066.ptr,2025-02-21 06:31:09.570,330255.15,6042113.09,2025-02-21 06:31:09.588,330255.15,6042113.08,19.74663,-9206.74,339.53,0.16,-39.1,12.37874428,54.49817466,0.0,0.0,0.16,2.56,-0.018,1,2
J052N066.ptr,2025-02-21 06:31:09.570,330255.15,6042113.09,2025-02-21 06:31:09.588,330255.6,6042113.25,19.74663,-9206.35,339.53,0.13,-39.1,12.37875106,54.4981763,0.0,0.0,0.14,2.17,-0.018,0,3
J052N066.ptr,2025-02-21 06:31:10.513,330255.19,6042112.96,2025-02-21 06:31:10.458,330254.75,6042112.8,19.74663,-9207.21,339.59,0.12,-39.1,12.37873822,54.49817198,0.0,0.0,0.13,3.03,0.055,-2,1
J052N066.ptr,2025-02-21 06:31:10.513,330255.19,6042112.96,2025-02-21 06:31:10.458,330255.19,6042112.96,19.74663,-9206.82,339.59,0.15,-39.1,12.37874492,54.4981736,0.0,0.0,0.17,2.64,0.055,3,2
J052N066.ptr,2025-02-21 06:31:10.513,330255.19,6042112.96,2025-02-21 06:31:10.458,330255.63,6042113.13,19.74663,-9206.43,339.59,0.12,-39.1,12.37875169,54.49817523,0.0,0.0,0.14,2.25,0.055,-1,3
J052N066.ptr,2025-02-21 06:31:11.560,330255.26,6042112.85,2025-02-21 06:31:11.591,330254.82,6042112.69,19.74663,-9207.26,339.52,0.07,-39.06,12.37873936,54.49817097,0.0,0.0,0.03,3.08,-0.031,-2,1
J052N066.ptr,2025-02-21 06:31:11.560,330255.26,6042112.85,2025-02-21 06:31:11.591,330255.26,6042112.85,19.74663,-9206.87,339.52,0.1,-39.06,12.37874606,54.49817259,0.0,0.0,0.07,2.69,-0.031,1,2
J052N066.ptr,2025-02-21 06:31:11.560,330255.26,6042112.85,2025-02-21 06:31:11.591,330255.7,6042113.02,19.74663,-9206.48,339.52,0.07,-39.06,12.37875283,54.49817424,0.0,0.0,0.04,2.3,-0.031,0,3
J052N066.ptr,2025-02-21 06:31:12.503,330255.32,6042112.77,2025-02-21 06:31:12.483,330254.87,6042112.6,19.74663,-9207.3,339.45,0.02,-39.01,12.37874027,54.49817024,0.0,0.0,-0.05,3.12,0.02,-1,1
J052N066.ptr,2025-02-21 06:31:12.503,330255.32,6042112.77,2025-02-21 06:31:12.483,330255.31,6042112.77,19.74663,-9206.91,339.45,0.07,-39.01,12.37874695,54.49817186,0.0,0.0,-0.01,2.73,0.02,-1,2
J052N066.ptr,2025-02-21 06:31:12.503,330255.32,6042112.77,2025-02-21 06:31:12.483,330255.76,6042112.93,19.74663,-9206.52,339.45,0.05,-39.01,12.37875373,54.49817351,0.0,0.0,-0.03,2.34,0.02,0,3
J052N066.ptr,2025-02-21 06:31:13.550,330255.38,6042112.66,2025-02-21 06:31:13.592,330254.95,6042112.49,19.74663,-9207.35,339.51,0.06,-39.03,12.37874142,54.49816928,0.0,0.0,-0.01,3.16,-0.042,-1,1
J052N066.ptr,2025-02-21 06:31:13.550,330255.38,6042112.66,2025-02-21 06:31:13.592,330255.38,6042112.66,19.74663,-9206.96,339.51,0.11,-39.03,12.37874809,54.4981709,0.0,0.0,0.04,2.78,-0.042,-1,2
J052N066.ptr,2025-02-21 06:31:13.550,330255.38,6042112.66,2025-02-21 06:31:13.592,330255.83,6042112.82,19.74663,-9206.57,339.51,0.1,-39.03,12.37875488,54.49817254,0.0,0.0,0.03,2.39,-0.042,0,3
J052N066.ptr,2025-02-21 06:31:14.492,330255.4,6042112.56,2025-02-21 06:31:14.437,330254.96,6042112.4,19.74663,-9207.41,339.43,0.08,-39.05,12.37874175,54.49816845,0.0,0.0,0.04,3.23,0.055,0,1
J052N066.ptr,2025-02-21 06:31:14.492,330255.4,6042112.56,2025-02-21 06:31:14.437,330255.4,6042112.56,19.74663,-9207.03,339.43,0.13,-39.05,12.37874843,54.49817007,0.0,0.0,0.08,2.84,0.055,0,2
J052N066.ptr,2025-02-21 06:31:14.492,330255.4,6042112.56,2025-02-21 06:31:14.437,330255.85,6042112.73,19.74663,-9206.63,339.43,0.11,-39.05,12.3787552,54.49817172,0.0,0.0,0.06,2.45,0.055,-1,3
J052N066.ptr,2025-02-21 06:31:15.540,330255.4,6042112.49,2025-02-21 06:31:15.649,330254.96,6042112.32,19.74663,-9207.48,339.5,0.07,-39.08,12.37874174,54.49816777,0.0,0.0,0.07,3.29,-0.109,-3,1
J052N066.ptr,2025-02-21 06:31:15.540,330255.4,6042112.49,2025-02-21 06:31:15.649,330255.4,6042112.49,19.74663,-9207.09,339.5,0.12,-39.08,12.37874842,54.49816939,0.0,0.0,0.11,2.91,-0.109,-1,2
J052N066.ptr,2025-02-21 06:31:15.540,330255.4,6042112.49,2025-02-21 06:31:15.649,330255.84,6042112.65,19.74663,-9206.7,339.5,0.1,-39.08,12.3787552,54.49817104,0.0,0.0,0.09,2.52,-0.109,-1,3
J052N066.ptr,2025-02-21 06:31:16.587,330255.49,6042112.41,2025-02-21 06:31:16.657,330255.05,6042112.24,19.74663,-9207.49,339.38,0.09,-39.09,12.37874323,54.49816708,0.0,0.0,0.09,3.31,-0.07,-2,1
J052N066.ptr,2025-02-21 06:31:16.587,330255.49,6042112.41,2025-02-21 06:31:16.657,330255.49,6042112.41,19.74663,-9207.1,339.38,0.14,-39.09,12.3787499,54.49816871,0.0,0.0,0.14,2.92,-0.07,-3,2
J052N066.ptr,2025-02-21 06:31:16.587,330255.49,6042112.41,2025-02-21 06:31:16.657,330255.94,6042112.58,19.74663,-9206.71,339.38,0.12,-39.09,12.37875668,54.49817036,0.0,0.0,0.12,2.53,-0.07,0,3
J052N066.ptr,2025-02-21 06:31:17.529,330255.53,6042112.32,2025-02-21 06:31:17.484,330255.09,6042112.16,19.74663,-9207.54,339.36,0.08,-39.07,12.37874381,54.49816634,0.0,0.0,0.05,3.36,0.045,-2,1
J052N066.ptr,2025-02-21 06:31:17.529,330255.53,6042112.32,2025-02-21 06:31:17.484,330255.53,6042112.32,19.74663,-9207.15,339.36,0.13,-39.07,12.37875048,54.49816797,0.0,0.0,0.1,2.97,0.045,0,2
J052N066.ptr,2025-02-21 06:31:17.529,330255.53,6042112.32,2025-02-21 06:31:17.484,330255.97,6042112.49,19.74663,-9206.76,339.36,0.11,-39.07,12.37875725,54.49816962,0.0,0.0,0.08,2.58,0.045,-1,3
J052N066.ptr,2025-02-21 06:31:18.576,330255.55,6042112.23,2025-02-21 06:31:18.651,330255.11,6042112.06,19.74663,-9207.61,339.43,0.07,-39.04,12.37874419,54.49816547,0.0,0.0,0.02,3.42,-0.075,-3,1
J052N066.ptr,2025-02-21 06:31:18.576,330255.55,6042112.23,2025-02-21 06:31:18.651,330255.55,6042112.23,19.74663,-9207.22,339.43,0.11,-39.04,12.37875088,54.4981671,0.0,0.0,0.06,3.04,-0.075,-1,2
J052N066.ptr,2025-02-21 06:31:18.576,330255.55,6042112.23,2025-02-21 06:31:18.651,330255.99,6042112.39,19.74663,-9206.83,339.43,0.09,-39.04,12.37875765,54.49816875,0.0,0.0,0.04,2.64,-0.075,-2,3
J052N066.ptr,2025-02-21 06:31:19.519,330255.58,6042112.13,2025-02-21 06:31:19.481,330255.14,6042111.97,19.74663,-9207.66,339.61,0.08,-39.03,12.37874468,54.49816467,0.0,0.0,0.02,3.48,0.038,0,1
J052N066.ptr,2025-02-21 06:31:19.519,330255.58,6042112.13,2025-02-21 06:31:19.481,330255.58,6042112.14,19.74663,-9207.28,339.61,0.13,-39.03,12.37875137,54.49816628,0.0,0.0,0.06,3.1,0.038,-1,2
J052N066.ptr,2025-02-21 06:31:19.519,330255.58,6042112.13,2025-02-21 06:31:19.481,330256.02,6042112.3,19.74663,-9206.89,339.61,0.1,-39.03,12.37875815,54.49816792,0.0,0.0,0.04,2.7,0.038,1,3
J052N066.ptr,2025-02-21 06:31:20.566,330255.55,6042112.04,2025-02-21 06:31:20.481,330255.11,6042111.88,19.74663,-9207.75,340.19,-0.08,-39.11,12.37874433,54.49816384,0.0,0.0,-0.05,3.57,0.085,-3,1
J052N066.ptr,2025-02-21 06:31:20.566,330255.55,6042112.04,2025-02-21 06:31:20.481,330255.55,6042112.04,19.74663,-9207.37,340.19,-0.04,-39.11,12.37875106,54.49816541,0.0,0.0,-0.02,3.19,0.085,1,2
J052N066.ptr,2025-02-21 06:31:20.566,330255.55,6042112.04,2025-02-21 06:31:20.481,330256.0,6042112.2,19.74663,-9206.98,340.19,-0.07,-39.11,12.37875786,54.49816701,0.0,0.0,-0.05,2.8,0.085,-1,3
J052N066.ptr,2025-02-21 06:31:21.509,330255.59,6042112.02,2025-02-21 06:31:21.480,330255.15,6042111.86,19.74663,-9207.75,340.32,-0.0,-39.02,12.37874491,54.49816369,0.0,0.0,-0.07,3.57,0.029,0,1
J052N066.ptr,2025-02-21 06:31:21.509,330255.59,6042112.02,2025-02-21 06:31:21.480,330255.59,6042112.02,19.74663,-9207.37,340.32,0.05,-39.02,12.37875163,54.49816524,0.0,0.0,-0.02,3.18,0.029,0,2
J052N066.ptr,2025-02-21 06:31:21.509,330255.59,6042112.02,2025-02-21 06:31:21.480,330256.04,6042112.18,19.74663,-9206.98,340.32,0.03,-39.02,12.37875844,54.49816683,0.0,0.0,-0.04,2.8,0.029,0,3
J052N066.ptr,2025-02-21 06:31:22.556,330255.6,6042111.94,2025-02-21 06:31:22.589,330255.16,6042111.77,19.74663,-9207.81,340.06,0.11,-38.96,12.37874515,54.49816291,0.0,0.0,-0.03,3.63,-0.033,0,1
J052N066.ptr,2025-02-21 06:31:22.556,330255.6,6042111.94,2025-02-21 06:31:22.589,330255.6,6042111.93,19.74663,-9207.43,340.06,0.16,-38.96,12.37875185,54.49816448,0.0,0.0,0.03,3.25,-0.033,-1,2
J052N066.ptr,2025-02-21 06:31:22.556,330255.6,6042111.94,2025-02-21 06:31:22.589,330256.05,6042112.1,19.74663,-9207.04,340.06,0.15,-38.96,12.37875866,54.49816609,0.0,0.0,0.01,2.86,-0.033,-1,3
J052N066.ptr,2025-02-21 06:31:23.498,330255.59,6042111.87,2025-02-21 06:31:23.480,330255.14,6042111.71,19.74663,-9207.88,340.08,0.32,-38.78,12.37874492,54.49816231,0.0,0.0,0.02,3.69,0.018,0,1
J052N066.ptr,2025-02-21 06:31:23.498,330255.59,6042111.87,2025-02-21 06:31:23.480,330255.58,6042111.87,19.74663,-9207.49,340.08,0.37,-38.78,12.37875163,54.49816388,0.0,0.0,0.06,3.31,0.018,-1,2
J052N066.ptr,2025-02-21 06:31:23.498,330255.59,6042111.87,2025-02-21 06:31:23.480,330256.03,6042112.03,19.74663,-9207.1,340.08,0.35,-38.78,12.37875844,54.49816549,0.0,0.0,0.04,2.92,0.018,-1,3
J052N066.ptr,2025-02-21 06:31:24.545,330255.61,6042111.75,2025-02-21 06:31:24.562,330255.17,6042111.59,19.74663,-9207.96,340.12,0.41,-38.8,12.37874534,54.49816128,0.0,0.0,0.12,3.77,-0.017,0,1
J052N066.ptr,2025-02-21 06:31:24.545,330255.61,6042111.75,2025-02-21 06:31:24.562,330255.61,6042111.75,19.74663,-9207.57,340.12,0.45,-38.8,12.37875206,54.49816287,0.0,0.0,0.16,3.39,-0.017,1,2
J052N066.ptr,2025-02-21 06:31:24.545,330255.61,6042111.75,2025-02-21 06:31:24.562,330256.05,6042111.92,19.74663,-9207.18,340.12,0.42,-38.8,12.37875886,54.49816447,0.0,0.0,0.13,3.0,-0.017,-1,3
J052N066.ptr,2025-02-21 06:31:25.488,330255.65,6042111.63,2025-02-21 06:31:25.485,330255.2,6042111.47,19.74663,-9208.04,340.13,0.36,-38.89,12.37874598,54.49816019,0.0,0.0,0.16,3.85,0.003,-1,1
J052N066.ptr,2025-02-21 06:31:25.488,330255.65,6042111.63,2025-02-21 06:31:25.485,330255.64,6042111.63,19.74663,-9207.65,340.13,0.4,-38.89,12.37875269,54.49816177,0.0,0.0,0.2,3.47,0.003,1,2
J052N066.ptr,2025-02-21 06:31:25.488,330255.65,6042111.63,2025-02-21 06:31:25.485,330256.09,6042111.79,19.74663,-9207.26,340.13,0.38,-38.89,12.3787595,54.49816337,0.0,0.0,0.18,3.08,0.003,-1,3
J052N066.ptr,2025-02-21 06:31:26.535,330255.63,6042111.52,2025-02-21 06:31:26.628,330255.18,6042111.36,19.74663,-9208.14,340.69,0.17,-38.94,12.37874565,54.4981592,0.0,0.0,0.02,3.96,-0.093,-1,1
J052N066.ptr,2025-02-21 06:31:26.535,330255.63,6042111.52,2025-02-21 06:31:26.628,330255.62,6042111.52,19.74663,-9207.76,340.69,0.21,-38.94,12.3787524,54.49816074,0.0,0.0,0.06,3.58,-0.093,-1,2
J052N066.ptr,2025-02-21 06:31:26.535,330255.63,6042111.52,2025-02-21 06:31:26.628,330256.07,6042111.67,19.74663,-9207.37,340.69,0.18,-38.94,12.37875922,54.4981623,0.0,0.0,0.03,3.19,-0.093,-1,3
J052N066.ptr,2025-02-21 06:31:27.582,330255.58,6042111.44,2025-02-21 06:31:27.609,330255.13,6042111.29,19.74663,-9208.22,341.21,0.07,-38.91,12.37874504,54.49815854,0.0,0.0,-0.12,4.04,-0.027,-2,1
J052N066.ptr,2025-02-21 06:31:27.582,330255.58,6042111.44,2025-02-21 06:31:27.609,330255.58,6042111.44,19.74663,-9207.85,341.21,0.11,-38.91,12.37875181,54.49816003,0.0,0.0,-0.07,3.66,-0.027,0,2
J052N066.ptr,2025-02-21 06:31:27.582,330255.58,6042111.44,2025-02-21 06:31:27.609,330256.03,6042111.59,19.74663,-9207.46,341.21,0.09,-38.91,12.37875867,54.49816157,0.0,0.0,-0.09,3.28,-0.027,-1,3
J052N066.ptr,2025-02-21 06:31:28.525,330255.58,6042111.34,2025-02-21 06:31:28.644,330255.14,6042111.18,19.74663,-9208.31,341.21,0.18,-38.83,12.37874518,54.4981576,0.0,0.0,-0.09,4.12,-0.119,0,1
J052N066.ptr,2025-02-21 06:31:28.525,330255.58,6042111.34,2025-02-21 06:31:28.644,330255.58,6042111.33,19.74663,-9207.93,341.21,0.22,-38.83,12.37875195,54.4981591,0.0,0.0,-0.04,3.75,-0.119,2,2
J052N066.ptr,2025-02-21 06:31:28.525,330255.58,6042111.34,2025-02-21 06:31:28.644,330256.03,6042111.49,19.74663,-9207.55,341.21,0.2,-38.83,12.3787588,54.49816063,0.0,0.0,-0.06,3.36,-0.119,1,3
J052N066.ptr,2025-02-21 06:31:29.573,330255.61,6042111.18,2025-02-21 06:31:29.614,330255.17,6042111.02,19.74663,-9208.43,340.8,0.34,-38.76,12.37874567,54.49815612,0.0,0.0,0.0,4.25,-0.041,2,1
J052N066.ptr,2025-02-21 06:31:29.573,330255.61,6042111.18,2025-02-21 06:31:29.614,330255.61,6042111.17,19.74663,-9208.05,340.8,0.38,-38.76,12.37875242,54.49815765,0.0,0.0,0.04,3.87,-0.041,0,2
J052N066.ptr,2025-02-21 06:31:29.573,330255.61,6042111.18,2025-02-21 06:31:29.614,330256.06,6042111.33,19.74663,-9207.66,340.8,0.35,-38.76,12.37875925,54.49815921,0.0,0.0,0.02,3.48,-0.041,-4,3
J052N066.ptr,2025-02-21 06:31:30.515,330255.65,6042111.03,2025-02-21 06:31:30.483,330255.21,6042110.88,19.74663,-9208.52,340.41,0.43,-38.8,12.37874639,54.49815486,0.0,0.0,0.14,4.34,0.032,1,1
J052N066.ptr,2025-02-21 06:31:30.515,330255.65,6042111.03,2025-02-21 06:31:30.483,330255.65,6042111.03,19.74663,-9208.14,340.41,0.47,-38.8,12.37875312,54.49815643,0.0,0.0,0.18,3.96,0.032,-1,2
J052N066.ptr,2025-02-21 06:31:30.515,330255.65,6042111.03,2025-02-21 06:31:30.483,330256.1,6042111.19,19.74663,-9207.75,340.41,0.45,-38.8,12.37875994,54.498158,0.0,0.0,0.15,3.57,0.032,-1,3
J052N066.ptr,2025-02-21 06:31:31.562,330255.65,6042111.04,2025-02-21 06:31:31.553,330255.21,6042110.88,19.74663,-9208.52,340.32,0.33,-38.87,12.37874636,54.49815487,0.0,0.0,0.11,4.34,0.009,-1,1
J052N066.ptr,2025-02-21 06:31:31.562,330255.65,6042111.04,2025-02-21 06:31:31.553,330255.65,6042111.04,19.74663,-9208.14,340.32,0.36,-38.87,12.3787531,54.49815645,0.0,0.0,0.14,3.95,0.009,-1,2
J052N066.ptr,2025-02-21 06:31:31.562,330255.65,6042111.04,2025-02-21 06:31:31.553,330256.09,6042111.2,19.74663,-9207.75,340.32,0.33,-38.87,12.3787599,54.49815803,0.0,0.0,0.1,3.57,0.009,-1,3
J052N066.ptr,2025-02-21 06:31:32.504,330255.68,6042111.09,2025-02-21 06:31:32.527,330255.24,6042110.93,19.74663,-9208.46,340.24,0.36,-38.75,12.37874686,54.49815536,0.0,0.0,0.02,4.28,-0.023,0,1
J052N066.ptr,2025-02-21 06:31:32.504,330255.68,6042111.09,2025-02-21 06:31:32.527,330255.68,6042111.09,19.74663,-9208.07,340.24,0.4,-38.75,12.37875359,54.49815693,0.0,0.0,0.06,3.89,-0.023,-1,2
J052N066.ptr,2025-02-21 06:31:32.504,330255.68,6042111.09,2025-02-21 06:31:32.527,330256.13,6042111.25,19.74663,-9207.69,340.24,0.37,-38.75,12.37876039,54.49815852,0.0,0.0,0.03,3.5,-0.023,-1,3
J052N066.ptr,2025-02-21 06:31:33.552,330255.73,6042111.13,2025-02-21 06:31:33.556,330255.29,6042110.98,19.74663,-9208.39,340.92,0.4,-38.61,12.37874759,54.49815579,0.0,0.0,-0.08,4.21,-0.004,0,1
J052N066.ptr,2025-02-21 06:31:33.552,330255.73,6042111.13,2025-02-21 06:31:33.556,330255.73,6042111.13,19.74663,-9208.01,340.92,0.43,-38.61,12.37875436,54.49815731,0.0,0.0,-0.05,3.83,-0.004,-1,2
J052N066.ptr,2025-02-21 06:31:33.552,330255.73,6042111.13,2025-02-21 06:31:33.556,330256.18,6042111.29,19.74663,-9207.63,340.92,0.39,-38.61,12.37876119,54.49815886,0.0,0.0,-0.08,3.44,-0.004,-1,3
J052N066.ptr,2025-02-21 06:31:34.494,330255.82,6042111.17,2025-02-21 06:31:34.483,330255.38,6042111.02,19.74663,-9208.31,341.54,0.52,-38.53,12.3787489,54.49815621,0.0,0.0,-0.05,4.12,0.011,-2,1
J052N066.ptr,2025-02-21 06:31:34.494,330255.82,6042111.17,2025-02-21 06:31:34.483,330255.82,6042111.17,19.74663,-9207.93,341.54,0.53,-38.53,12.37875571,54.4981577,0.0,0.0,-0.03,3.75,0.011,-2,2
J052N066.ptr,2025-02-21 06:31:34.494,330255.82,6042111.17,2025-02-21 06:31:34.483,330256.27,6042111.32,19.74663,-9207.55,341.54,0.48,-38.53,12.37876254,54.49815921,0.0,0.0,-0.08,3.36,0.011,-2,3
