xr,yr,TSS
326640.19667982555,6033375.411945203,-3
326640.50646893866,6033375.39220112,-2
326640.7865744044,6033375.45207318,-2
326641.1369431828,6033375.511625099,-2
326641.4073114134,6033375.511176568,-1
326641.737363973,6033375.431112456,-2
326642.0270484474,6033375.451496994,1
326642.3165744044,6033375.482073179,14
326642.6563634282,6033375.492329024,44
326642.9665744044,6033375.45207318,167
326643.23720626056,6033375.411304766,614
326643.50757409964,6033375.330855914,3914
326643.8072588426,6033375.251240673,47942
326644.1066271205,6033375.202009196,58244
326644.4162050789,6033375.20252081,47185
326644.736416189,6033375.172265076,25655
326645.0270484474,6033375.111496993,6279
326645.3374690587,6033375.050984204,828
326645.5873114134,6033375.071176568,237
326645.8967325193,6033375.1118812,64
326646.226416189,6033375.112265076,22
326646.51662712055,6033375.062009196,10
326646.8370484474,6033375.011496994,1
326647.1173114134,6033374.991176569,-2
326647.42720626056,6033375.011304766,-2
326647.71694318275,6033375.051625099,2
326648.0467325193,6033375.0618812,2
326648.32678520196,6033375.051817189,-1
326648.67699582066,6033375.0315610515,-1
326648.9371536674,6033375.041368851,-1
326645.12856975273,6033381.34963534,-3
326645.1189355512,6033380.989184825,-4
326645.16872659087,6033380.719442317,-1
326645.1483081313,6033380.439956864,-4
326645.0880986321,6033380.200213919,-2
326645.028360478,6033379.899892578,-1
326644.98883109353,6033379.609313589,0
326644.9090921534,6033379.308991609,-2
326644.8488310935,6033379.019313589,-1
326644.81836047804,6033378.719892578,-1
326644.81794139004,6033378.4204066135,-1
326644.81794139004,6033378.130406613,-1
326644.79851745086,6033377.809699663,1
326644.7589355512,6033377.559184824,-2
326644.68924865447,6033377.228798311,0
326644.62903996394,6033376.969056023,9
326644.5986220433,6033376.619571009,31
326644.6083081313,6033376.339956865,104
326644.62815102376,6033376.020149669,334
326644.63836047804,6033375.769892578,965
326644.6487788479,6033375.4593779575,1744
326644.6590921534,6033375.1689916095,2228
326644.6590921534,6033374.858991609,1840
326644.6185174509,6033374.529699664,1229
326644.6280462293,6033374.2302781595,562
326644.6779938153,6033373.910342392,160
326644.6885174509,6033373.649699663,71
326644.66909215343,6033373.318991609,24
326644.6491443317,6033373.068927186,11
326644.6387265909,6033372.719442317,6
326644.62825577334,6033372.440021141,2
326644.6279938153,6033372.120342392,-3
326644.64820340415,6033371.810085409,-3
326644.67846513784,6033371.5497639775,-1
326644.67883109354,6033371.239313589,-2
326644.6689355512,6033370.949184825,-6
326644.64867432276,6033370.639506667,-2
326648.87794139003,6033374.760406613,-3
326648.58762660326,6033374.770791756,-6
326648.3073114134,6033374.771176568,-1
326647.98720626056,6033374.771304766,-3
326647.7375740996,6033374.720855914,2
326647.4377840471,6033374.680599226,-1
326647.13783650595,6033374.680535031,-4
326646.86767909577,6033374.730727589,-1
326646.5773114134,6033374.741176569,-1
326646.317101063,6033374.741432928,7
326646.03720626055,6033374.761304766,23
326645.777363973,6033374.761112456,54
326645.4775215847,6033374.750920064,138
326645.20757409965,6033374.750855914,391
326644.91741652146,6033374.781048335,1660
326644.637363973,6033374.7911124565,4826
326644.347363973,6033374.761112456,6868
326644.0674165215,6033374.731048334,4341
326643.79741652147,6033374.731048334,2174
326643.477363973,6033374.741112457,924
326643.2474165215,6033374.741048335,626
326642.93752158474,6033374.750920064,110
326642.6376790958,6033374.790727589,47
326642.367731577,6033374.840663412,16
326642.10767909576,6033374.870727589,8
326641.79767909576,6033374.910727589,2
326641.5076790958,6033374.920727589,3
326641.22767909575,6033374.930727589,-3
326640.94773157703,6033374.970663412,-2
326640.6778365059,6033375.010535031,-2
326640.3879938153,6033375.050342391,-2
326640.10799381527,6033375.060342391,-3
326639.83,6033375.11,-1
326640.14,6033375.09,-1
326640.42,6033375.15,-3
326640.77,6033375.21,-1
326641.04,6033375.21,-1
326641.37,6033375.13,-1
326641.66,6033375.15,4
326641.95,6033375.18,21
326642.29,6033375.19,75
326642.6,6033375.15,358
326642.87,6033375.11,1870
326643.14,6033375.03,19466
326643.44,6033374.95,79321
326643.74,6033374.9,72329
326644.05,6033374.9,61750
326644.37,6033374.87,38275
326644.66,6033374.81,10191
326644.97,6033374.75,1091
326645.22,6033374.77,293
326645.53,6033374.81,83
326645.86,6033374.81,29
326646.15,6033374.76,10
326646.47,6033374.71,1
326646.75,6033374.69,0
326647.06,6033374.71,0
326647.35,6033374.75,0
326647.68,6033374.76,-1
326647.96,6033374.75,0
326648.31,6033374.73,-1
326648.57,6033374.74,-1
326644.76,6033381.05,-1
326644.75,6033380.69,0
326644.8,6033380.42,-1
326644.78,6033380.14,-2
326644.72,6033379.9,0
326644.66,6033379.6,-2
326644.62,6033379.31,0
326644.54,6033379.01,-2
326644.48,6033378.72,-1
326644.45,6033378.42,-2
326644.45,6033378.12,-2
326644.45,6033377.83,-1
326644.43,6033377.51,-2
326644.39,6033377.26,0
326644.32,6033376.93,6
326644.26,6033376.67,23
326644.23,6033376.32,66
326644.24,6033376.04,244
326644.26,6033375.72,1301
326644.27,6033375.47,7752
326644.28,6033375.16,15574
326644.29,6033374.87,19286
326644.29,6033374.56,16377
326644.25,6033374.23,9528
326644.26,6033373.93,3163
326644.31,6033373.61,524
326644.32,6033373.35,186
326644.3,6033373.02,55
326644.28,6033372.77,24
326644.27,6033372.42,7
326644.26,6033372.14,1
326644.26,6033371.82,0
326644.28,6033371.51,0
326644.31,6033371.25,-1
326644.31,6033370.94,-1
326644.3,6033370.65,-1
326644.28,6033370.34,-1
326648.51,6033374.46,-11
326648.22,6033374.47,14
326647.94,6033374.47,10
326647.62,6033374.47,-6
326647.37,6033374.42,9
326647.07,6033374.38,0
326646.77,6033374.38,0
326646.5,6033374.43,4
326646.21,6033374.44,2
326645.95,6033374.44,12
326645.67,6033374.46,39
326645.41,6033374.46,109
326645.11,6033374.45,325
326644.84,6033374.45,1375
326644.55,6033374.48,10684
326644.27,6033374.49,37766
326643.98,6033374.46,54640
326643.7,6033374.43,45857
326643.43,6033374.43,26427
326643.11,6033374.44,9125
326642.88,6033374.44,2227
326642.57,6033374.45,320
326642.27,6033374.49,96
326642.0,6033374.54,35
326641.74,6033374.57,11
326641.43,6033374.61,6
326641.14,6033374.62,3
326640.86,6033374.63,1
326640.58,6033374.67,3
326640.31,6033374.71,-2
326640.02,6033374.75,0
326639.74,6033374.76,-2
326639.46717996214,6033374.811233168,-1
326639.77738862915,6033374.790979944,-2
326640.0572842735,6033374.851106538,-3
326640.4069193771,6033374.911549902,-4
326640.67655502254,6033374.911993711,-2
326641.00650301616,6033374.832057148,-1
326641.29681522044,6033374.851676659,3
326641.5872842735,6033374.881106538,18
326641.92749302887,6033374.890853387,70
326642.2372842735,6033374.851106538,346
326642.5066590685,6033374.811866863,1739
326642.77629510144,6033374.73231099,18183
326643.07660704,6033374.651930283,72065
326643.3772321123,6033374.601169849,60913
326643.6876497114,6033374.60066362,51562
326644.0074408235,6033374.570916661,20293
326644.29681522044,6033374.511676658,4467
326644.60639903665,6033374.452184051,540
326644.85655502253,6033374.471993711,172
326645.16712782305,6033374.511296496,61
326645.49744082347,6033374.510916661,26
326645.7872321123,6033374.461169848,8
326646.10681522044,6033374.411676658,2
326646.38655502256,6033374.391993712,0
326646.6966590685,6033374.411866862,-1
326646.98691937706,6033374.451549902,-1
326647.317127823,6033374.461296496,-2
326647.59707569494,6033374.451359834,-2
326647.9468672932,6033374.431613276,-3
326648.2067111081,6033374.441803453,-2
326644.39530992886,6033380.7535187155,-2
326644.3849479809,6033380.39396449,-1
326644.43515474163,6033380.1237097075,-2
326644.41556879645,6033379.8432005765,-3
326644.3557760903,6033379.602946228,-3
326644.29551700066,6033379.303264186,-3
326644.25505133905,6033379.01383708,-2
326644.1747930271,6033378.714155671,-2
326644.11505133903,6033378.423837081,-2
326644.0855170007,6033378.123264186,-2
326644.08593167725,6033377.822755561,-2
326644.08593167725,6033377.532755561,-2
326644.0653616802,6033377.21345507,-2
326644.02494798094,6033376.963964489,1
326643.95463817345,6033376.634346933,7
326643.8948446673,6033376.374091934,25
326643.8652581887,6033376.023582371,77
326643.8755687964,6033375.743200577,314
326643.8957242502,6033375.423009801,2148
326643.9055170007,6033375.173264186,14770
326643.9151030348,6033374.86377339,29771
326643.9247930271,6033374.5741556715,38858
326643.9247930271,6033374.264155671,37999
326643.8853616802,6033373.9334550705,23835
326643.89582794154,6033373.632882663,6960
326643.9458798038,6033373.312819108,888
326643.9553616802,6033373.05345507,288
326643.9347930271,6033372.724155671,75
326643.9147413981,6033372.474219415,29
326643.90515474166,6033372.1237097075,5
326643.8956206033,6033371.843136976,-1
326643.8958798038,6033371.522819108,1
326643.9156724212,6033371.213073384,-1
326643.94541344256,6033370.953391433,-2
326643.94505133905,6033370.643837081,-2
326643.9349479809,6033370.35396449,-2
326643.91520645964,6033370.043646035,-2
326648.14593167725,6033374.162755561,-3
326647.8562431504,6033374.172374473,11
326647.57655502256,6033374.171993711,6
326647.2566590685,6033374.171866862,11
326647.0062951014,6033374.12231099,1
326646.70608736394,6033374.082564976,-2
326646.4060354573,6033374.082628495,1
326646.13619121053,6033374.132437965,-3
326645.8465550226,6033374.141993712,4
326645.58676315873,6033374.141740051,11
326645.3066590685,6033374.161866862,39
326645.04650301614,6033374.162057148,117
326644.7463470635,6033374.152247516,375
326644.47629510146,6033374.15231099,1925
326644.1864510209,6033374.182120596,19187
326643.9065030162,6033374.192057149,57928
326643.61650301615,6033374.162057148,66999
326643.3364510209,6033374.132120595,60766
326643.0664510209,6033374.132120595,48328
326642.74650301615,6033374.142057149,18306
326642.5164510209,6033374.142120596,3649
326642.20634706353,6033374.152247516,484
326641.90619121055,6033374.192437965,129
326641.6361392817,6033374.242501467,45
326641.3761912105,6033374.2724379655,9
326641.0661912105,6033374.312437966,7
326640.77619121055,6033374.322437965,-2
326640.4961912105,6033374.332437965,-1
326640.2161392817,6033374.372501466,-2
326639.94603545725,6033374.412628495,-1
326639.6558798038,6033374.452819108,-2
326639.3758798038,6033374.462819108,-2
